#ObserverLambda    ApertureRadiusPixels    EncircledEnergy    f_lambda             OptimalS/N       ApertureS/N      AperturePhotons    ApertureNoise    Thermal_f_lambda_per_arcsec2    _z=0.00_exp=893.0_ph=0.0_gal=0_PSF=WebbPSF_pxsl=0.075_mdl=waifs_blackbody19_type=NA_waifs_R_zodi=waifs_zodi_medium_offi=0j=0_RN=4.0    
4000.0             4.0                     0.916073148339     5.84827e-17          11.882124925     7.53355208207    217.520156496      28.8735186438    5.50964234883e-59               
4005.26666418      4.0                     0.915979953344     5.86516112865e-17    12.0141236566    7.65641394447    221.733557262      28.9604975476    6.47301825419e-59               
4010.57149906      4.0                     0.915886044931     5.88212245896e-17    12.1474794642    7.78106410928    226.031120934      29.0488701493    7.61040677328e-59               
4015.91480579      4.0                     0.915791484354     5.89915418799e-17    12.2821801606    7.90748671231    230.413882558      29.1386999361    8.95420757962e-59               
4021.29688552      4.0                     0.915696230922     5.91626571251e-17    12.4182753488    8.03573369583    234.884749775      29.2300315896    1.0543026205e-58                
4026.71803917      4.0                     0.915600271353     5.93345717979e-17    12.5556112355    8.16566392844    239.439903578      29.3227722419    1.24228945011e-58               
4032.17846828      4.0                     0.915503623984     5.95071847838e-17    12.6944782908    8.29755589106    244.090300847      29.4171324727    1.46486934382e-58               
4037.67857352      4.0                     0.915406285815     5.96805090521e-17    12.8346121947    8.43116380634    248.828452365      29.5129424692    1.72860328595e-58               
4043.21855674      4.0                     0.915308219297     5.98546271472e-17    12.9763047709    8.56676800555    253.665559755      29.6104154554    2.04132075158e-58               
4048.79881783      4.0                     0.915209476471     6.0029459428e-17     13.1191571397    8.70400636081    258.589227324      29.7092185603    2.41239434863e-58               
4054.41945981      4.0                     0.915109960833     6.02049787679e-17    13.2637130013    8.84337482092    263.619915624      29.809876994     2.85301629597e-58               
4060.08098182      4.0                     0.9150097721       6.03812089503e-17    13.4094544054    8.98439439078    268.740942128      29.9119707393    3.37661822235e-58               
4065.78348744      4.0                     0.91490881684      6.05582357994e-17    13.5569315671    9.12760899561    273.972804169      30.0158348479    3.99925523113e-58               
4071.52747527      4.0                     0.914807159639     6.07358693243e-17    13.7056074079    9.27247904924    279.298497273      30.1212324979    4.74021988689e-58               
4077.31304947      4.0                     0.914704806565     6.09141979944e-17    13.8560238162    9.41955691576    284.738407397      30.2284289955    5.62260649231e-58               
4083.1407081       4.0                     0.914601631227     6.10933341295e-17    14.0077000824    9.56835137292    290.277236982      30.3372258886    6.67420233341e-58               
4089.01055588      4.0                     0.914497715757     6.12730688368e-17    14.1611250141    9.71936853727    295.933887691      30.4478512731    7.92831851381e-58               
4094.92309034      4.0                     0.914393060277     6.14535088919e-17    14.3158203131    9.87212965919    301.692641516      30.5600363782    9.42508737103e-58               
4100.8784168       4.0                     0.914287676239     6.16346486976e-17    14.4723258595    10.0271651482    307.575167596      30.6741898684    1.12126884441e-57               
4106.87703344      4.0                     0.91418151157      6.18163908278e-17    14.630222556     10.1840656085    313.567532677      30.7900149835    1.33492430162e-57               
4112.91914386      4.0                     0.914074562058     6.19988174875e-17    14.7898238862    10.3431403244    319.683252449      30.9077555194    1.59046713914e-57               
4119.00514693      4.0                     0.913966846535     6.21818719696e-17    14.9508478412    10.504112034     325.913330064      31.0272138197    1.89633482404e-57               
4125.13524656      4.0                     0.913858363239     6.23656280197e-17    15.1136071175    10.6672908027    332.271544683      31.1486347216    2.26269588221e-57               
4131.30984284      4.0                     0.913749068727     6.25499718549e-17    15.2779411173    10.8325187934    338.75355386       31.2719100997    2.70183735479e-57               
4137.5292387       4.0                     0.913639016774     6.27350097205e-17    15.4440259612    10.9999718611    345.368157548      31.3971855482    3.22859674389e-57               
4143.79383246      4.0                     0.91352810778      6.29206684084e-17    15.6116040987    11.1693919445    352.106985836      31.5242752322    3.86092059828e-57               
4150.10382865      4.0                     0.913416460359     6.31069115794e-17    15.7809604425    11.341082755     358.983087597      31.6533346376    4.62049841283e-57               
4156.45962713      4.0                     0.913303969842     6.32937649252e-17    15.951937918     11.5148501351    365.992663346      31.7844052724    5.5336090301e-57                
4162.86153114      4.0                     0.913190637577     6.34812206428e-17    16.1247263237    11.6909214449    373.144927026      31.9174950226    6.63207405532e-57               
4169.30994042      4.0                     0.913076477896     6.36691689803e-17    16.2991762512    11.8691084605    380.436401043      32.0526518321    7.95448757214e-57               
4175.80515432      4.0                     0.912961551444     6.38578353428e-17    16.4752004236    12.0493572625    387.864732839      32.1896616052    9.54764818747e-57               
4182.34738239      4.0                     0.912845740363     6.40468966965e-17    16.6532972057    12.2321560737    395.453473639      32.3290081696    1.1468331774e-56                
4188.93721822      4.0                     0.912729119862     6.42366591411e-17    16.8329982031    12.4170248932    403.184967517      32.4703357676    1.37856304931e-56               
4195.57486517      4.0                     0.912611637125     6.44269214242e-17    17.0144142804    12.604055001     411.066388133      32.6138205601    1.65834035593e-56               
4202.26062704      4.0                     0.912493305815     6.46177844282e-17    17.1977131041    12.7934565782    419.10655576       32.7594464559    1.9963682008e-56                
4208.99490557      4.0                     0.912374120838     6.48090424569e-17    17.3828915887    12.9852041702    427.308075436      32.9073051017    2.40507141249e-56               
4215.77810003      4.0                     0.912254037206     6.50009096455e-17    17.569847959     13.1791891764    435.668717807      33.0573233282    2.8995860416e-56                
4222.61051189      4.0                     0.912133118599     6.51931724578e-17    17.7585861066    13.3754362397    444.190664906      33.2094338417    3.49835459294e-56               
4229.49244793      4.0                     0.91201132967      6.53858474436e-17    17.9493612755    13.5741601216    452.888611796      33.3640245686    4.22387045684e-56               
4236.42440481      4.0                     0.91188865222      6.55792183935e-17    18.1419926217    13.7751935519    461.756500975      33.5208720834    5.10361172574e-56               
4243.40668402      4.0                     0.911765049134     6.57729881258e-17    18.3364401116    13.9785138132    470.794544346      33.6798711678    6.17111870918e-56               
4250.43958996      4.0                     0.911640591816     6.59671554034e-17    18.532836995     14.1842088866    480.012250334      33.8413128411    7.46738202771e-56               
4257.52352448      4.0                     0.911515160394     6.61618339976e-17    18.7312729893    14.3924156492    489.415684268      34.0051104831    9.04255362712e-56               
4264.65888942      4.0                     0.911388890308     6.63568053704e-17    18.9316556566    14.6029844556    499.004037409      34.1713735932    1.09580195502e-55               
4271.84608036      4.0                     0.911261717325     6.65521888946e-17    19.1337979392    14.8157646524    508.770029755      34.3397753469    1.32889655714e-55               
4279.08531144      4.0                     0.911133537614     6.67479561818e-17    19.3382504264    15.0313013605    518.743523091      34.5108856945    1.61274655456e-55               
4286.37717526      4.0                     0.911004485711     6.69442377937e-17    19.5446375879    15.2491711778    528.909612663      34.6844826184    1.95865962626e-55               
4293.7219768       4.0                     0.910874498949     6.71408219749e-17    19.7530698363    15.4695372998    539.275654965      34.8604902987    2.38050109008e-55               
4301.12011449      4.0                     0.910743593488     6.73376983215e-17    19.9634394715    15.6922544004    549.839618949      35.0389182408    2.89530325108e-55               
4308.57189349      4.0                     0.91062071449      6.7534976197e-17     20.175558532     15.9176112992    560.618471555      35.2200126651    3.52398917194e-55               
4316.07771937      4.0                     0.910498267299     6.77324668821e-17    20.3898779418    16.1456606239    571.618250668      35.4038316539    4.29229522639e-55               
4323.63808698      4.0                     0.910374838757     6.7930336825e-17     20.6061747206    16.3761195617    582.826918016      35.5900502447    5.23190385339e-55               
4331.25330174      4.0                     0.91025060543      6.81285284892e-17    20.8246158831    16.6091032051    594.257279455      35.7790105893    6.38180451532e-55               
4338.92376956      4.0                     0.910125394886     6.83269078082e-17    21.0453135759    16.8447518658    605.91790681       35.9707232043    7.79005153663e-55               
4346.64998078      4.0                     0.909999298187     6.85254979964e-17    21.2679337687    17.0827328985    617.793850481      36.1648135665    9.51591748667e-55               
4354.43215303      4.0                     0.909872299098     6.87242781235e-17    21.4929795863    17.3235135992    629.916212997      36.361919849     1.16324661952e-54               
4362.2708807       4.0                     0.909744381516     6.89234646368e-17    21.7202818582    17.5669678305    642.278472634      36.5617150798    1.42300096128e-54               
4370.16656156      4.0                     0.909615526765     6.91227448407e-17    21.9496151567    17.8127867594    654.872863283      36.7642004661    1.74200761939e-54               
4378.11950165      4.0                     0.909485703535     6.93221409881e-17    22.1811937838    18.0612540158    667.713302987      36.969376678     2.13404956291e-54               
4386.13010746      4.0                     0.9093549766       6.95217198972e-17    22.4151657551    18.3124859351    680.812179885      37.1774854762    2.61618077574e-54               
4394.19888141      4.0                     0.909223303368     6.97214089329e-17    22.6515246637    18.566469284     694.172994047      37.3885300122    3.20951934932e-54               
4402.32631211      4.0                     0.909090636475     6.99212018025e-17    22.8898908714    18.8227895957    707.777915983      37.6021796549    3.94022687472e-54               
4410.51261974      4.0                     0.908957033427     7.01211884547e-17    23.1308603462    19.082072186     721.664517241      37.8189805701    4.84070294822e-54               
4418.75839757      4.0                     0.908822467179     7.03211700144e-17    23.37412023      19.3439772549    735.818873605      38.038654818     5.95117374782e-54               
4427.0640477       4.0                     0.908686931734     7.05211606522e-17    23.6197010178    19.6085297055    750.246607644      38.2612372733    7.32154422181e-54               
4435.42997726      4.0                     0.90855038675      7.07212483507e-17    23.8677911859    19.8759528536    764.961997012      38.4868087909    9.01379102069e-54               
4443.85667862      4.0                     0.908412851514     7.09213328496e-17    24.118096306     20.1458529869    779.953108061      38.7153181634    1.11049536755e-53               
4452.34446908      4.0                     0.908274330215     7.11213257342e-17    24.3710399858    20.418712501     795.248572658      38.9470478425    1.36907830149e-53               
4460.89393578      4.0                     0.908134835465     7.13214034442e-17    24.6262806551    20.694191839     810.831306017      39.1815883569    1.68905087109e-53               
4469.50539123      4.0                     0.907994264298     7.15212985985e-17    24.8840726983    20.9725133044    826.721684908      39.4192948126    2.08524804176e-53               
4478.17934349      4.0                     0.907852738374     7.17211846536e-17    25.1445452964    21.2537705841    842.932973798      39.66039675      2.57616062549e-53               
4486.91637334      4.0                     0.907710108343     7.19209641007e-17    25.407214855     21.5375127406    859.437933163      39.9042333027    3.18484830406e-53               
4495.71671047      4.0                     0.90756648311      7.21205527931e-17    25.6727683137    21.8244279551    876.284883266      40.1515625092    3.94005040007e-53               
4504.58103532      4.0                     0.907421844446     7.23200368623e-17    25.9406712004    22.1139304022    893.444694881      40.4018950333    4.87768012781e-53               
4513.50966143      4.0                     0.907276119756     7.25192254202e-17    26.2111885312    22.4062950464    910.938713384      40.655481484     6.04255707568e-53               
4522.50309146      4.0                     0.907129339692     7.27182957896e-17    26.4843646848    22.7015590749    928.774652132      40.9123729815    7.49071769103e-53               
4531.56182208      4.0                     0.906981508112     7.29170769142e-17    26.7600925553    22.9995974461    946.950336662      41.1724743827    9.29224204752e-53               
4540.68626783      4.0                     0.906832576036     7.31156633464e-17    27.0386570835    23.3007078046    965.489357278      41.4360527317    1.15348061547e-52               
4549.87701937      4.0                     0.906682626412     7.33139370073e-17    27.3198089033    23.6046488635    984.379446551      41.7027786452    1.43282393867e-52               
4559.13447902      4.0                     0.906531549638     7.35118102231e-17    27.6035134436    23.9112934381    1003.62487518      41.9728392266    1.78100911783e-52               
4568.45906843      4.0                     0.906379354124     7.37093933113e-17    27.8902553654    24.221232324     1023.26195395      42.2464860691    2.21527903335e-52               
4577.85146503      4.0                     0.906226055821     7.39066581596e-17    28.1794860592    24.533783587     1043.26035458      42.5234188148    2.75727727685e-52               
4587.31198406      4.0                     0.906071670763     7.41034304777e-17    28.4715051713    24.8493436169    1063.6438658       42.8037006609    3.43414914949e-52               
4596.84114177      4.0                     0.905916151004     7.4299797271e-17     28.7666102667    25.1681755595    1084.43990782      43.087744094     4.27999786188e-52               
4606.43960762      4.0                     0.905764221228     7.44956758052e-17    29.063989527     25.4895839193    1105.60887877      43.3749284521    5.33769905084e-52               
4616.10761789      4.0                     0.905625097938     7.46911320252e-17    29.3642646196    25.8145781334    1127.22404325      43.666181079     6.661113058e-52                 
4625.84586216      4.0                     0.905485037221     7.48859111224e-17    29.6673818331    26.142548713     1149.25181476      43.9609705764    8.31806364738e-52               
4635.6548433       4.0                     0.905343906322     7.50803651248e-17    29.9734096201    26.4735573072    1171.70298198      44.2593705253    1.03939107058e-51               
4645.53505693      4.0                     0.905201759624     7.52741217191e-17    30.2821601376    26.807389111     1194.56947991      44.5612019493    1.2996173413e-51                
4655.48692023      4.0                     0.905058561874     7.5467178206e-17     30.5939646684    27.1443954704    1217.88158728      44.8667788019    1.62603328493e-51               
4665.51103654      4.0                     0.904914392794     7.56596310338e-17    30.9088730809    27.4846576398    1241.64831414      45.1760516871    2.03573007069e-51               
4675.60799407      4.0                     0.904769094703     7.58514892678e-17    31.2266059147    27.8277743971    1265.85710913      45.4889812986    2.55027473374e-51               
4685.77821068      4.0                     0.904622794982     7.60426191557e-17    31.5474543292    28.1741390779    1290.53393687      45.8056210094    3.19688665281e-51               
4696.02228976      4.0                     0.904475406586     7.62328702091e-17    31.8713780693    28.523605552     1315.68479383      46.1261740362    4.00996163438e-51               
4706.34081107      4.0                     0.904326945364     7.64224208681e-17    32.1980605148    28.8759178745    1341.28866219      46.4500788519    5.03297557296e-51               
4716.73411668      4.0                     0.904177422818     7.66112505607e-17    32.5282393934    29.2318073316    1367.4113318       46.7782000711    6.32088145552e-51               
4727.20297853      4.0                     0.904026808544     7.67990893192e-17    32.8612666816    29.5905670334    1394.00858283      47.1098975987    7.94326983571e-51               
4737.7478156       4.0                     0.903875114998     7.69861110314e-17    33.1974971566    29.9525666833    1421.11533085      47.4455276529    9.98819568439e-51               
4748.36922308      4.0                     0.903722301313     7.71721416102e-17    33.5368052052    30.3176625208    1448.72848573      47.7849664277    1.25672323575e-50               
4759.06771244      4.0                     0.903568387116     7.73572661015e-17    33.8793612242    30.6860218483    1476.86871414      48.1283863201    1.58217710507e-50               
4769.84388721      4.0                     0.903413339085     7.75414766753e-17    34.2252071397    31.0576833445    1505.54712091      48.4758346013    1.99311413045e-50               
4780.69834228      4.0                     0.903257174334     7.77245904432e-17    34.5741491333    31.4324312801    1534.75454008      48.8271023771    2.51228836651e-50               
4791.63158953      4.0                     0.903099910093     7.79065935844e-17    34.9263946474    31.8105183242    1564.51421981      49.1822925948    3.16858125578e-50               
4802.64423253      4.0                     0.902941447223     7.80875052833e-17    35.2818917695    32.191786238     1594.83255921      49.5415988233    3.99868171118e-50               
4813.73685691      4.0                     0.90278186636      7.82673962965e-17    35.6405255407    32.5762015106    1625.70373452      49.9046438546    5.04921430428e-50               
4824.90991089      4.0                     0.902621126328     7.84459884337e-17    36.00288641      32.9643248461    1657.18860003      50.2721838766    6.37944351996e-50               
4836.16424417      4.0                     0.902459199713     7.86233846339e-17    36.3681340916    33.3552064621    1689.22360582      50.6434762365    8.06481566652e-50               
4847.50019636      4.0                     0.902296097343     7.87995659653e-17    36.7369666755    33.7496842604    1721.87397853      51.0189655478    1.02012805585e-49               
4858.91847161      4.0                     0.902131840969     7.89744443614e-17    37.1093129865    34.1476183902    1755.14397278      51.3987228252    1.29110843507e-49               
4870.41974538      4.0                     0.90196639139      7.91480069378e-17    37.4847695672    34.5485676114    1789.00548813      51.7823346036    1.63499855182e-49               
4882.0044495       4.0                     0.901799709332     7.9320169696e-17     37.8637863328    34.9530025373    1823.50734737      52.1702633538    2.07164468017e-49               
4893.67327837      4.0                     0.901631813706     7.94909289727e-17    38.2462536563    35.3607999526    1858.64789783      52.5623826475    2.62636635118e-49               
4905.42683575      4.0                     0.901462738415     7.96601828912e-17    38.6321868321    35.7720154373    1894.43561392      52.9585932122    3.33146693859e-49               
4917.26573544      4.0                     0.90131252937      7.98280204223e-17    39.0218430583    36.1870972485    1930.93208044      53.3596841764    4.22818449046e-49               
4929.19066142      4.0                     0.901162255865     7.99942628596e-17    39.4149540003    36.6055699229    1968.09344777      53.764862886     5.36919491652e-49               
4941.20212729      4.0                     0.901010876053     8.01589847564e-17    39.8116776248    37.0274774384    2005.94656302      54.1745401467    6.82178911858e-49               
4953.30075767      4.0                     0.900858356814     8.03220129599e-17    40.2121439598    37.4530547714    2044.50876892      54.5885717841    8.67199976177e-49               
4965.48733635      4.0                     0.900704792949     8.04834402672e-17    40.6162026353    37.8820768149    2083.77748519      55.0069494704    1.10298940818e-48               
4977.76245658      4.0                     0.900550083576     8.06432405465e-17    41.0235751176    38.3142365737    2123.73521627      55.429401867     1.40362826745e-48               
4990.12664327      4.0                     0.900394262986     8.08012361913e-17    41.4347041749    38.7499430876    2164.43651125      55.8565081336    1.7871396019e-48                
5002.58060082      4.0                     0.900237340816     8.09574332299e-17    41.8496486619    39.1893713137    2205.89231174      56.2880249873    2.27661116103e-48               
5015.12502266      4.0                     0.900079242076     8.11118081e-17       42.2682389246    39.6323214056    2248.09612193      56.7238062824    2.90162636721e-48               
5027.76052386      4.0                     0.899919979786     8.12642826258e-17    42.690428975     40.078623425     2291.05845292      57.1641003889    3.70010356294e-48               
5040.48779765      4.0                     0.899759592725     8.14148494743e-17    43.116436033     40.5285662227    2334.80833664      57.6089547263    4.72067544227e-48               
5053.30745939      4.0                     0.899598041159     8.15635035959e-17    43.5461376714    40.9820605855    2379.34162823      58.0581257807    6.02573015051e-48               
5066.22022509      4.0                     0.899435290685     8.17101579961e-17    43.9797349697    41.4391993401    2424.69460047      58.5121005976    7.69535506086e-48               
5079.2268533       4.0                     0.899271370331     8.1854785593e-17     44.416779355     41.8996165825    2470.82572929      58.9701274338    9.83240021176e-48               
5092.32780581      4.0                     0.899106250123     8.19972125267e-17    44.858051514     42.3640153727    2517.83369692      59.433310907     1.25689298269e-47               
5105.52396446      4.0                     0.898939958313     8.21375367299e-17    45.3029875075    42.831913285     2565.66374284      59.9007503066    1.60747512966e-47               
5118.81600984      4.0                     0.898772466824     8.22757374617e-17    45.7516816       43.3033393997    2614.33987902      60.3727083237    2.05681417314e-47               
5132.20449409      4.0                     0.898603725726     8.24116365084e-17    46.2044321719    43.7785986194    2663.9059046       60.8495015512    2.63297796389e-47               
5145.6902861       4.0                     0.898433787236     8.25453403091e-17    46.6607505853    44.2571784527    2714.31960941      61.3306067921    3.37209490253e-47               
5159.2740024       4.0                     0.898262536524     8.26767957959e-17    47.1212434067    44.7397028541    2765.65943083      61.8166696333    4.32065597149e-47               
5172.9563477       4.0                     0.898090146862     8.28057590757e-17    47.5853869208    45.2256318647    2817.87839355      62.3071094282    5.53852992102e-47               
5186.73803936      4.0                     0.897916451369     8.29323313324e-17    48.0537522101    45.7155899147    2871.0496505       62.8024193904    7.10283736998e-47               
5200.61986986      4.0                     0.897741483709     8.30565564385e-17    48.526083347     46.2092005375    2925.16368076      63.3026247312    9.11296978722e-47               
5214.60254394      4.0                     0.89757093364      8.31781903191e-17    49.0019654523    46.7063754994    2980.21189382      63.8073895041    1.16970429053e-46               
5228.68676641      4.0                     0.897405564516     8.32973024174e-17    49.4819418093    47.2077709061    3036.27041347      64.3171739567    1.50202676121e-46               
5242.87324205      4.0                     0.897239014839     8.34138262749e-17    49.9657840947    47.7127574971    3093.29359779      64.8315829991    1.92957640419e-46               
5257.16270233      4.0                     0.897071198125     8.35278001184e-17    50.4537689798    48.2216061528    3151.32753107      65.3509449911    2.47985590188e-46               
5271.55601281      4.0                     0.896902213502     8.36389827269e-17    50.9455946983    48.7339643533    3210.35234311      65.8750500952    3.18837547419e-46               
5286.05381858      4.0                     0.896731959277     8.37474558979e-17    51.4417629075    49.2504661182    3270.43229728      66.4040882259    4.100980226e-46                 
5300.65698446      4.0                     0.89656048002      8.38532105158e-17    51.9418467719    49.770641838     3331.53024793      66.9376589269    5.27690587024e-46               
5315.36615639      4.0                     0.896387745533     8.39561562649e-17    52.4460203456    50.2945593485    3393.6889737       67.4762641856    6.79267798127e-46               
5330.1822124       4.0                     0.896213780231     8.40562710218e-17    52.9542262647    50.8222133023    3456.91010922      68.0196686565    8.74723793669e-46               
5345.10587159      4.0                     0.896038565073     8.415338826e-17      53.4665375809    51.3536898486    3521.21577156      68.5679214471    1.12684989616e-45               
5360.13792521      4.0                     0.895862010046     8.42475998878e-17    53.9829241267    51.8889930265    3586.61218366      69.1208669598    1.45219143993e-45               
5375.2791071       4.0                     0.895684261892     8.43388712457e-17    54.5036275781    52.4282617393    3653.15232541      69.679066294     1.87215297165e-45               
5390.53030884      4.0                     0.895505120928     8.4427037536e-17     55.0286215261    52.9715853822    3720.83839193      70.2421565276    2.41444055529e-45               
5405.89232135      4.0                     0.895324750658     8.45120950751e-17    55.557389299     53.5183577164    3789.62222244      70.8097629325    3.11491860166e-45               
5421.36586451      4.0                     0.895143041601     8.45940432837e-17    56.0903307938    54.068985852     3859.57084876      71.3823421679    4.02002352836e-45               
5436.95175897      4.0                     0.894960037575     8.46728699215e-17    56.6276782606    54.6236574155    3930.73302305      71.9602679321    5.18990698715e-45               
5452.65089585      4.0                     0.89477572447      8.47484565155e-17    57.1690076939    55.1820618908    4003.05627735      72.5427093549    6.70250980173e-45               
5468.46408086      4.0                     0.894589997482     8.48206641618e-17    57.7146573573    55.7445164164    4076.60223378      73.1301031177    8.65883355754e-45               
5484.39213512      4.0                     0.894402964143     8.48896486065e-17    58.2646796775    56.3109690985    4151.40415843      73.7228327782    1.1189806474e-44                
5500.43593387      4.0                     0.894214606111     8.49553051043e-17    58.8186281386    56.8810249001    4227.40889546      74.3201955817    1.44652028237e-44               
5516.5962137       4.0                     0.894010684507     8.50175707084e-17    59.3761201897    57.4546029768    4304.61176511      74.9219652053    1.87051737253e-44               
5532.87388097      4.0                     0.893789257264     8.50764798967e-17    59.9370588263    58.0315466771    4383.02880851      75.5283817077    2.41953468568e-44               
5549.26981013      4.0                     0.893566204387     8.51317762462e-17    60.5019153564    58.6121164338    4462.685562        76.1393007714    3.13063317478e-44               
5565.78477096      4.0                     0.89334157141      8.51834796089e-17    61.0713075436    59.1968477476    4543.69539154      76.7556983931    4.05190548533e-44               
5582.41978972      4.0                     0.893115280555     8.52316735439e-17    61.6446666921    59.785268229     4625.98122472      77.3766073441    5.24579690835e-44               
5599.17555324      4.0                     0.892887344207     8.52763229265e-17    62.2224857639    60.3778128535    4709.63567027      78.0027537879    6.79335925206e-44               
5616.05310293      4.0                     0.892657750399     8.53172956304e-17    62.8045013137    60.9742125112    4794.63711434      78.6338505554    8.7998822648e-44                
5633.05321102      4.0                     0.89242652571      8.53547077084e-17    63.390903541     61.5746611602    4881.02928592      79.2700957496    1.14020956809e-43               
5650.17690092      4.0                     0.892193583988     8.53882740384e-17    63.9811163112    62.1785691052    4968.74300083      79.9108611268    1.47776718482e-43               
5667.42486253      4.0                     0.891958952512     8.54178972309e-17    64.5758397161    62.7866519389    5057.89648581      80.5568752213    1.91574015176e-43               
5684.79816932      4.0                     0.891722621947     8.54438579875e-17    65.1748642848    63.3987360968    5148.47081807      81.2077832311    2.48413172233e-43               
5702.29771062      4.0                     0.891484555449     8.54659239005e-17    65.7779006551    64.0144283141    5240.4503893       81.8635818099    3.22193665756e-43               
5719.92432744      4.0                     0.89124478251      8.54841435378e-17    66.3853467852    64.6342298451    5333.89985662      82.524381731     4.17984613606e-43               
5737.67900946      4.0                     0.891003231439     8.54983684498e-17    66.9969477446    65.2577778874    5428.80964237      83.1902313888    5.42377888969e-43               
5755.56268118      4.0                     0.890759989888     8.55086814531e-17    67.6130655475    65.8855495503    5525.23825246      83.861154535     7.03945486492e-43               
5773.57631409      4.0                     0.890514914279     8.55150643376e-17    68.233196788     66.5169713943    5623.13159197      84.5367952584    9.13836879628e-43               
5791.72075054      4.0                     0.890268096834     8.5517416406e-17     68.8576415988    67.1523447142    5722.55377724      85.217482749     1.18655342513e-42               
5809.99699793      4.0                     0.890019513311     8.55156372625e-17    69.4864541149    67.7917244783    5823.53146188      85.9032795919    1.54096305711e-42               
5828.40604533      4.0                     0.889762211087     8.55096822242e-17    70.1183156109    68.4345190991    5925.98844709      86.5935572442    2.00161544592e-42               
5846.94881813      4.0                     0.889502683695     8.54996765671e-17    70.7545820557    69.081373684     6030.03928846      87.2889313992    2.60045458435e-42               
5865.62630513      4.0                     0.889241267659     8.54854579137e-17    71.3951155157    69.7321324988    6135.66683285      87.9890892905    3.37905437804e-42               
5884.43945097      4.0                     0.888977939325     8.54670066624e-17    72.0399139553    70.3867042997    6242.90307608      88.6943512727    4.39152246404e-42               
5903.38932579      4.0                     0.888712734088     8.54442611214e-17    72.7195486391    71.0760643906    6356.90644998      89.4380760173    5.70829625616e-42               
5922.49242679      4.0                     0.888445355053     8.54172242467e-17    73.5352009575    71.9022355793    6495.08876184      90.3322227676    7.42264259553e-42               
5941.816523        4.0                     0.888174866907     8.53856307297e-17    74.362130877     72.7392204069    6636.65450259      91.2390106117    9.66408998832e-42               
5961.36521252      4.0                     0.88790124168      8.53496448744e-17    75.1982880189    73.584874011     6781.31633143      92.1563897822    1.25984195143e-41               
5981.14111855      4.0                     0.887624467482     8.53089417476e-17    76.0437456434    74.4392786562    6929.13556002      93.0843995954    1.64444755788e-41               
6001.14686453      4.0                     0.887344448732     8.52635037738e-17    76.850183937     75.2537793653    7071.56036307      93.9695045579    2.14915994279e-41               
6021.38511385      4.0                     0.887061211682     8.5213229061e-17     77.4631358961    75.8728518999    7180.69496931      94.6411633344    2.81227650266e-41               
6041.85863162      4.0                     0.886774625299     8.51580367694e-17    78.0469322589    76.4622285569    7285.35921738      95.28049803      3.6845460144e-41                
6062.57004224      4.0                     0.886484742839     8.5097906651e-17     78.6343111967    77.0548552693    7391.39896247      95.923857577     4.83327658045e-41               
6083.52229128      4.0                     0.886191514842     8.50327163045e-17    79.2246474821    77.6501270127    7498.70578526      96.5704252362    6.34786307927e-41               
6104.71804435      4.0                     0.885894842665     8.49623086051e-17    79.8180544624    78.2480607017    7607.32921417      97.2206741733    8.34711399772e-41               
6126.16014831      4.0                     0.885594695658     8.4886661722e-17     80.4146422258    78.8488752607    7717.27945303      97.8743124428    1.09891325784e-40               
6147.85150934      4.0                     0.885291116723     8.48056932371e-17    81.014128591     79.4522219318    7828.52773467      98.5312624913    1.44845218961e-40               
6169.79499616      4.0                     0.884939008905     8.47193638568e-17    81.6104318722    80.0564677301    7940.78478297      99.1897970036    1.91140843902e-40               
6191.99359458      4.0                     0.88461067334      8.46275128959e-17    82.2136472398    80.6642937475    8054.54430018      99.8526600306    2.52526324236e-40               
6214.45019591      4.0                     0.884278606084     8.45301201635e-17    82.8201693048    81.2749648543    8169.67011895      100.518900668    3.34008917637e-40               
6237.16790803      4.0                     0.883942643305     8.44270837977e-17    83.4296698512    81.8881002315    8286.12301004      101.188365423    4.42285811368e-40               
6260.14973822      4.0                     0.883602769935     8.43183014011e-17    84.0420869179    82.5036274065    8403.90074937      101.860984947    5.86321654702e-40               
6283.39868083      4.0                     0.883258939886     8.42036966436e-17    84.6574248632    83.1215505043    8523.01412484      102.536755789    7.78127779938e-40               
6306.91794473      4.0                     0.882911114563     8.40832474488e-17    85.2758067067    83.741990996     8643.49120833      103.215735684    1.03381510803e-39               
6330.71066044      4.0                     0.882559221012     8.3956852189e-17     85.8958931722    84.3636380464    8765.06730283      103.896269836    1.37501039679e-39               
6354.77998122      4.0                     0.882203274508     8.38244096016e-17    86.5126655708    84.9814191331    8886.76237784      104.573005117    1.83077192809e-39               
6379.12913886      4.0                     0.881843197211     8.36858656828e-17    87.124330768     85.5935297254    9008.20060605      105.243943496    2.44017946251e-39               
6403.76138828      4.0                     0.881478895342     8.35412024538e-17    87.7382958646    86.2073986672    9130.84847571      105.917225399    3.25583560903e-39               
6428.68003951      4.0                     0.881110400128     8.33900876794e-17    88.3545271469    86.8230141822    9254.69418506      106.59263874     4.34860779698e-39               
6453.88839489      4.0                     0.880737573236     8.3232495713e-17     88.9730012337    87.4403009351    9379.75456209      107.270382899    5.81404823954e-39               
6479.38991928      4.0                     0.880360451473     8.30685509991e-17    89.5931783704    88.0587156778    9505.92498648      107.949848159    7.78111251237e-39               
6505.1879167       4.0                     0.879978945501     8.28981791567e-17    90.2157931619    88.678992332     9633.35543193      108.631764735    1.04239514922e-38               
6531.2858991       4.0                     0.879581223673     8.27213344627e-17    90.8384637481    89.2999483338    9761.79936264      109.314725762    1.39779784008e-38               
6557.68734977      4.0                     0.879170425678     8.25378591702e-17    91.4616853417    89.9216370198    9891.30664321      109.999183412    1.87616430771e-38               
6584.39583316      4.0                     0.87875487151      8.23477537767e-17    92.0868019844    90.5446138829    10021.9534042      110.685251993    2.52060740373e-38               
6611.41480644      4.0                     0.878334450619     8.21509966797e-17    92.7137945773    91.168828121     10153.7521126      111.373068206    3.38953306995e-38               
6638.74805967      4.0                     0.877909117398     8.19474808647e-17    93.3426822719    91.7943037971    10286.7044033      112.062557019    4.56214046394e-38               
6666.39920605      4.0                     0.877478927772     8.1737160204e-17     93.971188411     92.4187134185    10420.3490003      112.7515047      6.14588126109e-38               
6694.37183315      4.0                     0.877043646994     8.15200575237e-17    94.5880074459    93.0308499323    10552.2027594      113.426919856    8.28664298738e-38               
6722.66973087      4.0                     0.876603362031     8.12959448729e-17    95.1806230823    93.61821669      10679.5015463      114.075037145    1.11826543806e-37               
6751.29678973      4.0                     0.876157925719     8.10646260432e-17    95.7732997373    94.2050062709    10807.4568096      114.722743911    1.51034442796e-37               
6780.25677542      4.0                     0.875707367103     8.0826226011e-17     96.3659552184    94.7910843794    10936.0715906      115.370255148    2.04156893405e-37               
6809.553555        4.0                     0.875251477855     8.05808663052e-17    96.9590578557    95.3769699056    11065.4139896      116.017671777    2.7618580565e-37                
6839.19107083      4.0                     0.874790345043     8.03284716475e-17    97.5520115693    95.962014032     11195.3667837      116.664566668    3.73921341361e-37               
6869.17329187      4.0                     0.874323821013     8.00690187287e-17    98.1449678609    96.5463778564    11325.9518638      117.310997215    5.06632328005e-37               
6899.50423544      4.0                     0.873851936354     7.98024008495e-17    98.7378102893    97.1299396006    11457.1330579      117.956760861    6.86959859096e-37               
6930.18792502      4.0                     0.873405030463     7.95285762283e-17    99.3293798324    97.7143973658    11589.3235625      118.604052984    9.32153515587e-37               
6961.22855295      4.0                     0.872999915176     7.92476184806e-17    99.9184822213    98.3002845108    11722.6013773      119.252975061    1.26576585511e-36               
6992.63021838      4.0                     0.872590105762     7.89594921775e-17    100.507277121    98.8853531605    11856.4799374      119.901275148    1.71996931878e-36               
7024.3971408       4.0                     0.872175503533     7.86641593165e-17    101.063149684    99.4372221521    11983.4285099      120.512502769    2.33873584275e-36               
7056.53354942      4.0                     0.871756108631     7.83614942467e-17    101.520158792    99.8903852009    12088.0946657      121.013595467    3.18219140195e-36               
7089.04381004      4.0                     0.871331813285     7.80511877485e-17    101.93917919     100.305337991    12184.3245462      121.472344247    4.33259269128e-36               
7121.93218195      4.0                     0.870902553897     7.77337142484e-17    102.353202648    100.714900466    12279.6594511      121.924952457    5.90251256568e-36               
7155.20318781      4.0                     0.870468349718     7.74089732745e-17    102.761537418    101.118347613    12373.9381501      122.370850021    8.04609794249e-36               
7188.86124947      4.0                     0.870029019626     7.70769240649e-17    103.163939464    101.515421271    12467.113118       122.810041686    1.09744859449e-35               
7222.91080303      4.0                     0.869584650176     7.67376635942e-17    103.560428336    101.906168547    12559.135405       123.242150933    1.49769871018e-35               
7257.35647243      4.0                     0.86913511895      7.63912048443e-17    103.950716218    102.29028294     12649.9309098      123.666985233    2.04501975165e-35               
7292.20283923      4.0                     0.868680328132     7.60374393713e-17    104.334709796    102.667665082    12739.455767       124.084401421    2.79379330607e-35               
7327.45461604      4.0                     0.868233901188     7.56764613138e-17    104.711983944    103.038531999    12827.7746793      124.494928552    3.81861535193e-35               
7363.11656961      4.0                     0.86784392696      7.53083103272e-17    105.100806214    103.423480279    12919.7790623      124.92114003     5.22183948062e-35               
7399.19337312      4.0                     0.867449421324     7.4932920509e-17     105.535394406    103.853410577    13023.0267378      125.398161365    7.1439356809e-35                
7435.68992376      4.0                     0.867050329452     7.45503497275e-17    105.989902626    104.302689158    13131.4079367      125.897117732    9.77775158728e-35               
7472.61106886      4.0                     0.866646580069     7.41607088947e-17    106.439608029    104.746807911    13238.9966265      126.390454187    1.33880854479e-34               
7509.96180632      4.0                     0.866238160617     7.37639606599e-17    106.883669373    105.184918055    13345.599041       126.877496202    1.8338627038e-34                
7547.74708663      4.0                     0.865825015268     7.33601703101e-17    107.322489109    105.617433969    13451.2594029      127.358324259    2.51289554705e-34               
7585.97203962      4.0                     0.865407016821     7.29492437968e-17    107.755600219    106.043893983    13555.8604224      127.832540972    3.44454707609e-34               
7624.64175712      4.0                     0.864984152821     7.25311679923e-17    108.182850567    106.464145543    13659.3446373      128.299950821    4.72313401983e-34               
7663.76143257      4.0                     0.864556356141     7.21062814808e-17    108.604084351    106.878009348    13761.6810911      128.760641923    6.4782746592e-34                
7703.3363291       4.0                     0.864123643331     7.16745156007e-17    109.034685957    107.300732295    13866.6201836      129.23136578     8.88811892106e-34               
7743.37171024      4.0                     0.863709926711     7.12359790336e-17    109.503827974    107.763098274    13981.9200603      129.746826921    1.21975323948e-33               
7783.8729372       4.0                     0.86331485159      7.07907014841e-17    109.996433408    108.250051943    14103.9118272      130.290116023    1.6743105817e-33                
7824.84855365      4.0                     0.862915127347     7.03388150522e-17    110.504581426    108.751851497    14230.2481808      130.85062907     2.29880779276e-33               
7866.31869196      4.0                     0.862510620743     6.98801201343e-17    111.030973459    109.271200839    14361.6238813      131.431006258    3.15725870509e-33               
7908.30641954      4.0                     0.86210107047      6.94145484892e-17    111.552698961    109.785434284    14492.321185       132.005864708    4.33814473267e-33               
7950.81815064      4.0                     0.86168638224      6.89421977395e-17    112.069661218    110.294448771    14622.2993033      132.575115668    5.96311466531e-33               
7993.86043508      4.0                     0.861266530718     6.84630374522e-17    112.581321494    110.797696825    14751.4271174      133.138391321    8.19986206427e-33               
8037.43995791      4.0                     0.860841482266     6.79771997021e-17    113.082829089    111.290410933    14878.4076531      133.689933646    1.12795897438e-32               
8081.56343901      4.0                     0.860411036656     6.74848533861e-17    113.560849255    111.759418928    14999.7890375      134.214987707    1.55210935444e-32               
8126.23766561      4.0                     0.859975287217     6.69860668427e-17    114.017519266    112.206852385    15116.0375022      134.715814416    2.13639894412e-32               
8171.46946032      4.0                     0.859534090077     6.64808654454e-17    114.467430223    112.647091402    15230.8925068      135.20892832     2.9414534552e-32                
8217.26581784      4.0                     0.859199002944     6.59693902949e-17    114.907163351    113.087304406    15346.1902201      135.70214889     4.05088550854e-32               
8263.63389612      4.0                     0.858803391598     6.54517769954e-17    115.341466998    113.516162132    15458.976523       136.183044182    5.58001369333e-32               
8310.58075229      4.0                     0.858402878244     6.49280885855e-17    115.768526731    113.937234759    15570.1364231      136.655382729    7.68787288302e-32               
8358.11359414      4.0                     0.857997349261     6.43985242083e-17    116.188166889    114.350359233    15679.5913376      137.118863839    1.05937867542e-31               
8406.23984016      4.0                     0.857586755925     6.38631875157e-17    116.620894371    114.775777208    15792.7379804      137.596436849    1.46002113125e-31               
8454.96680377      4.0                     0.85717102574      6.33221239748e-17    117.083613301    115.230159808    15914.0907742      138.106992134    2.0124175949e-31                
8504.30211329      4.0                     0.856750144415     6.27755506241e-17    117.54085338     115.678481957    16034.33377        138.611204943    2.77406664059e-31               
8554.25330595      4.0                     0.856324003312     6.22235722175e-17    117.991341649    116.11950707     16153.0721769      139.107309224    3.82422734451e-31               
8604.82809574      4.0                     0.855892514638     6.16663253568e-17    118.434823553    116.552966811    16270.2243355      139.595110967    5.27214028232e-31               
8656.03431333      4.0                     0.855472362914     6.1103975754e-17     118.86741203     116.979405474    16385.9179435      140.075236979    7.26833769293e-31               
8707.87977678      4.0                     0.855062077502     6.05366686679e-17    119.288879978    117.39810329     16499.9614109      140.54708678     1.00201965842e-30               
8760.37253269      4.0                     0.854646681529     5.99645950556e-17    119.697328794    117.803267194    16610.7043808      141.003766504    1.38133447106e-30               
8813.52069118      4.0                     0.854226101765     5.93878828356e-17    120.090920114    118.193084793    16717.6250851      141.443343445    1.90410660874e-30               
8867.33244068      4.0                     0.853800273241     5.88066510967e-17    120.476125837    118.57395212     16822.4367456      141.87295308     2.62447078293e-30               
8921.81605573      4.0                     0.853369094678     5.82211255687e-17    120.852791419    118.945732442    16925.1053518      142.292665775    3.61691677783e-30               
8976.97990729      4.0                     0.852932562411     5.76314420496e-17    121.220564087    119.308064079    17025.511037       142.702097871    4.98390531955e-30               
9032.83257414      4.0                     0.852490579732     5.70377993755e-17    121.579353895    119.660864131    17123.6064961      143.101143556    6.86631943517e-30               
9089.3826544       4.0                     0.852043047773     5.64404025169e-17    121.938283807    120.01311878     17221.85866        143.499800981    9.45778460601e-30               
9146.63886908      4.0                     0.851588942714     5.58393733152e-17    122.300735775    120.370121636    17321.7414234      143.903995343    1.30242977551e-29               
9204.6100212       4.0                     0.851126015646     5.52348775101e-17    122.650118804    120.719248535    17419.7279319      144.29950603     1.79310998613e-29               
9263.30503547      4.0                     0.850657353244     5.46272312555e-17    122.99047454     121.058631609    17515.2843952      144.684308442    2.46794533489e-29               
9322.73300256      4.0                     0.850182827294     5.40165532648e-17    123.321405437    121.387870356    17608.2982431      145.058136298    3.39569409575e-29               
9382.90312849      4.0                     0.849702393295     5.34029322325e-17    123.64409353     121.708149679    17699.0400378      145.421979419    4.67061903875e-29               
9443.82460895      4.0                     0.849215935634     5.27866503926e-17    123.980472722    122.04107448     17793.6562775      145.800554061    6.42186803278e-29               
9505.50687743      4.0                     0.848723393036     5.21679794061e-17    124.337070599    122.393066781    17893.9852297      146.200971185    8.82628297794e-29               
9567.9594533       4.0                     0.848224704867     5.15470253554e-17    124.684931309    122.735568236    17991.9077368      146.590821189    1.21258532604e-28               
9631.19197388      4.0                     0.847719812252     5.09239826441e-17    125.023873389    123.068385022    18087.3759161      146.970124886    1.66514955189e-28               
9695.21420694      4.0                     0.847217877571     5.02990951865e-17    125.295614028    123.337626156    18164.9013956      147.277858037    2.28554197251e-28               
9759.98036477      4.0                     0.846710672716     4.96730997586e-17    125.44680552     123.487139464    18208.1936628      147.450121056    3.1346686402e-28                
9825.36641553      4.0                     0.846198628882     4.90474618678e-17    125.550393145    123.588549938    18237.733293       147.568146904    4.29315007206e-28               
9891.30151656      4.0                     0.845682294052     4.84230647185e-17    125.661144807    123.695806732    18269.0234155      147.693150627    5.86924307218e-28               
9957.79023206      4.0                     0.84516163843      4.78001074339e-17    125.764684945    123.794723601    18297.9679775      147.808948922    8.00958768821e-28               
10024.836968       4.0                     0.844636596258     4.71787625716e-17    125.861557973    123.88579498     18324.7168346      147.916206516    1.09108947937e-27               
10092.4468933      4.0                     0.84410713379      4.65592061253e-17    125.985397733    124.002124868    18358.7800414      148.052140727    1.48365976127e-27               
10160.6245775      4.0                     0.843573234244     4.5941614979e-17     126.182511167    124.189281763    18413.3755325      148.268636964    2.01387434009e-27               
10229.3742174      4.0                     0.843079701699     4.53261189226e-17    126.410042112    124.419221026    18480.4677613      148.533864856    2.72868972097e-27               
10298.7014204      4.0                     0.842570806691     4.47128889873e-17    126.633755889    124.641122401    18545.4206369      148.790545846    3.6906426493e-27                
10368.6107771      4.0                     0.842057641973     4.41020611435e-17    126.85117525     124.855968291    18608.4822926      149.039589755    4.98283162142e-27               
10439.1072769      4.0                     0.841540174279     4.34938861085e-17    127.068062966    125.069411132    18671.2541309      149.287135535    6.71549218446e-27               
10510.1955662      4.0                     0.84101835047      4.28884331629e-17    127.29035742     125.287281542    18735.4621964      149.540016878    9.03456597234e-27               
10581.8805919      4.0                     0.840492174259     4.22857904671e-17    127.512766607    125.504320921    18799.5828464      149.792315584    1.21329238002e-26               
10654.1679937      4.0                     0.83996157757      4.16861537434e-17    127.728350212    125.713664408    18861.6027448      150.03621789     1.62650155311e-26               
10727.0618166      4.0                     0.839426495119     4.10896921325e-17    127.938456804    125.916601789    18921.8881647      150.273179992    2.17657479037e-26               
10800.5675732      4.0                     0.838911948061     4.04964979489e-17    128.153046789    126.135133865    18986.8573497      150.527904225    2.90753287836e-26               
10874.690872       4.0                     0.838399455902     3.99067201807e-17    128.385828629    126.373686944    19057.8678605      150.805664703    3.87712245405e-26               
10949.4367499      4.0                     0.83788271967      3.93204607927e-17    128.617803651    126.610426539    19128.5526481      151.081969873    5.16094395114e-26               
11024.8097813      4.0                     0.837361615798     3.87378268066e-17    128.844450597    126.840924303    19197.5707322      151.351551857    6.85778140856e-26               
11100.8155114      4.0                     0.836836133758     3.81589687924e-17    129.076438731    127.075708       19267.9953629      151.626110656    9.09650830954e-26               
11177.4600148      4.0                     0.836306236252     3.75839756704e-17    129.348914559    127.349384418    19350.1306409      151.945223209    1.20449468112e-25               
11254.7478463      4.0                     0.835771890377     3.70129590215e-17    129.6520908      127.652309751    19441.2155368      152.298188531    1.59211401334e-25               
11332.6845772      4.0                     0.835233067222     3.6446074022e-17     129.950012114    127.949068977    19530.6928137      152.644274553    2.10079748043e-25               
11411.2757633      4.0                     0.834706755482     3.58833659668e-17    130.233729406    128.240755502    19618.9107944      152.984990751    2.76717430936e-25               
11490.5269831      4.0                     0.834179531923     3.53248824867e-17    130.492671163    128.50855101     19700.2217304      153.298917276    3.63858653057e-25               
11570.4432612      4.0                     0.833647871338     3.47707766305e-17    130.714435231    128.738158268    19770.304349       153.569886465    4.77610057605e-25               
11651.0154604      4.0                     0.833111861554     3.42212626585e-17    130.809989049    128.841912624    19802.7619538      153.698137124    6.25804995815e-25               
11732.1058368      4.0                     0.83257239743      3.36773825935e-17    130.804716804    128.844796466    19804.9960766      153.712036651    8.18139997358e-25               
11813.5999837      4.0                     0.832030228893     3.31398927347e-17    130.790003145    128.836804787    19804.0244716      153.714029964    1.06679798854e-24               
11895.4999835      4.0                     0.83148538932      3.26087491755e-17    130.762917797    128.815061572    19798.951326       153.700592807    1.38744682942e-24               
11977.8083246      4.0                     0.830937823323     3.20840629468e-17    130.728287251    128.784291432    19791.1969949      153.677104364    1.79988212514e-24               
12060.5264783      4.0                     0.83039363694      3.15658169822e-17    130.677862946    128.748853795    19782.0684375      153.648501361    2.32904385416e-24               
12143.6565474      4.0                     0.829845203249     3.10539187441e-17    130.645454845    128.726341433    19776.847232       153.63481174     3.00628501576e-24               
12227.2004567      4.0                     0.829294012747     3.05484784421e-17    130.652009709    128.7405738      19782.7170193      153.663421216    3.87091887624e-24               
12311.1608793      4.0                     0.828740118972     3.00494191099e-17    130.676150148    128.770507327    19793.3205354      153.710045462    4.97213291337e-24               
12395.5396197      4.0                     0.828183436615     2.95567702773e-17    130.696139706    128.794715108    19802.2438762      153.750438126    6.3713005318e-24                
12480.3383579      4.0                     0.827623969538     2.90705034909e-17    130.704314588    128.805625878    19807.1560823      153.77555093     8.14482538944e-24               
12565.5595575      4.0                     0.827061766494     2.85905367526e-17    130.688540481    128.791207969    19803.9959967      153.768229284    1.03876237746e-23               
12651.2058059      4.0                     0.826496718514     2.81169103444e-17    130.657969379    128.760438267    19795.6532714      153.740182449    1.32173302504e-23               
12737.2784122      4.0                     0.825883643199     2.76495744443e-17    130.613672422    128.72108425     19784.8039187      153.702899831    1.67793435696e-23               
12823.7796744      4.0                     0.825265998316     2.71884875123e-17    130.559202682    128.670510454    19770.5723327      153.652707702    2.12530625749e-23               
12910.7118948      4.0                     0.824645294658     2.67337010593e-17    130.485426517    128.599567476    19750.2650849      153.579560745    2.68593097558e-23               
12998.0772443      4.0                     0.824021478697     2.62851421797e-17    130.400085806    128.51591792     19726.2112585      153.492357817    3.38692866149e-23               
13085.8775782      4.0                     0.823394567842     2.58427301614e-17    130.311177885    128.427487338    19700.80127        153.400192423    4.26153140789e-23               
13174.1150809      4.0                     0.822764508153     2.54064053843e-17    130.240893634    128.356135953    19680.5288498      153.327526601    5.35037917354e-23               
13262.7927823      4.0                     0.822131338184     2.49762360924e-17    130.20837872     128.320714469    19671.0126025      153.295691065    6.70307666332e-23               
13351.9119197      4.0                     0.821495002691     2.45521336448e-17    130.190911726    128.298857615    19665.5782091      153.279449051    8.37999863902e-23               
13441.4748857      4.0                     0.820732118942     2.41340333165e-17    130.163578978    128.26231406     19655.8602106      153.247353711    1.04545260526e-22               
13531.484515       4.0                     0.819956362007     2.37219733854e-17    129.976597133    128.066321631    19598.4835891      153.033860421    1.30156596537e-22               
13621.751798       4.0                     0.819178388012     2.33166887442e-17    129.628117451    127.709522653    19493.2663391      152.63753191     1.616372829e-22                 
13712.0876862      4.0                     0.818399833296     2.29189009811e-17    129.24189523     127.313879764    19376.8192155      152.19722509     2.00149055537e-22               
13802.4496601      4.0                     0.817621039284     2.25286521136e-17    128.856372774    126.91732593     19260.4922226      151.756208867    2.47105981511e-22               
13892.8381941      4.0                     0.81684203451      2.21458591598e-17    128.439830916    126.488740605    19135.0831962      151.278944708    3.04197881767e-22               
13983.2528448      4.0                     0.816062787387     2.17703987366e-17    127.998121376    126.033959508    19002.3733842      150.771851161    3.73418876751e-22               
14073.6934859      4.0                     0.815283343709     2.1402065512e-17     127.553890123    125.575294587    18868.9893025      150.260362634    4.57116774116e-22               
14164.1605222      4.0                     0.814254799186     2.10407251055e-17    127.106051395    125.100552917    18731.5160929      149.731681085    5.58049108744e-22               
14254.6546068      4.0                     0.813252291223     2.06862672036e-17    126.771022239    124.736323939    18626.7350584      149.328876065    6.79446465718e-22               
14345.1742299      4.0                     0.812249450839     2.03385356065e-17    126.5005941      124.434074597    18540.296128       148.996938242    8.2508032135e-22                
14435.7202065      4.0                     0.811246380242     1.99974552653e-17    126.229862964    124.130079279    18453.5806821      148.663247372    9.99350014899e-22               
14526.2930261      4.0                     0.810242967549     1.96628282689e-17    125.932094002    123.798154166    18358.9980323      148.297833323    1.20737119917e-21               
14616.8923403      4.0                     0.809239260681     1.93345466847e-17    125.540494242    123.372855265    18237.7509683      147.826285848    1.45507674374e-21               
14707.5181679      4.0                     0.808235270963     1.9012542293e-17     125.106202402    122.904471549    18104.5914573      147.306206431    1.74933438306e-21               
14798.1705273      4.0                     0.807231005749     1.86965904617e-17    124.673003734    122.435983067    17971.9310684      146.786350044    2.09807530932e-21               
14888.8487825      4.0                     0.806166169322     1.83866491917e-17    124.231572782    121.957624329    17837.0316023      146.255977849    2.5104354369e-21                
14979.553911       4.0                     0.804899189451     1.80826155966e-17    123.767723065    121.453881424    17695.5127617      145.697383683    2.99692692407e-21               
15070.2859736      4.0                     0.803631841554     1.77842896284e-17    123.301433227    120.946552843    17553.5949626      145.135140688    3.56960766742e-21               
15161.0439751      4.0                     0.802364123683     1.74916036977e-17    122.838313758    120.441212736    17412.8673604      144.575656163    4.242275616e-21                 
15251.8289199      4.0                     0.801096027418     1.72044908844e-17    122.395031084    119.954243389    17277.9417107      144.037769925    5.03071150143e-21               
15342.64084        4.0                     0.79982758079      1.69227791602e-17    121.970046238    119.484172644    17148.3314592      143.519690346    5.95290472921e-21               
15433.4794124      4.0                     0.798558719917     1.66463375725e-17    121.478096924    118.947743231    17000.8084662      142.926700451    7.02932492412e-21               
15524.2392486      4.0                     0.797290986885     1.6375403072e-17     120.922183582    118.348112457    16836.48925        142.262423122    8.28165973712e-21               
15614.822903       4.0                     0.796025707351     1.61101071125e-17    120.291557708    117.675015553    16652.8575594      141.515660577    9.73383609303e-21               
15705.2090115      4.0                     0.794682456371     1.58504506973e-17    119.624115996    116.965283308    16460.3847306      140.728806574    1.14134903046e-20               
15795.3979416      4.0                     0.79319663726      1.55962277798e-17    118.94938078     116.247106572    16266.8592573      139.933455008    1.33518729923e-20               
15885.3904213      4.0                     0.791714054661     1.53473416494e-17    118.285939104    115.539100752    16077.3636735      139.150846501    1.55839068164e-20               
15975.1868105      4.0                     0.790234728554     1.51037202889e-17    117.666088675    114.87284031     15900.3892148      138.417307102    1.81485210062e-20               
16064.787841       4.0                     0.788758607929     1.48651263719e-17    117.066529907    114.225677497    15729.6650763      137.706909874    2.10890452876e-20               
16154.1931694      4.0                     0.787285702645     1.4631464772e-17     116.471868538    113.58268956     15561.1391441      137.002735227    2.44535613935e-20               
16243.4039183      4.0                     0.785815992779     1.44025951001e-17    115.8589175      112.921443956    15388.9255798      136.279922048    2.82954183598e-20               
16332.420041       4.0                     0.784349510048     1.41784585306e-17    115.189945449    112.205395959    15203.496285       135.497015585    3.26735914336e-20               
16421.2419707      4.0                     0.782886218438     1.39589140838e-17    114.504503403    111.473085834    15015.1888155      134.697884275    3.76532269762e-20               
16509.8707532      4.0                     0.78142610302      1.37438226546e-17    113.824291951    110.745675457    14829.6459727      133.907224019    4.33061802071e-20               
16598.3067234      4.0                     0.779748056915     1.35331610669e-17    113.1452279      110.013244086    14644.3706096      133.114614802    4.97114845247e-20               
16686.549915       4.0                     0.778132080277     1.33267846765e-17    112.486029007    109.301211155    14465.8166623      132.348182691    5.69559318766e-20               
16774.6010756      4.0                     0.776519645692     1.31245648877e-17    111.834854175    108.596682958    14290.7032336      131.594288558    6.51347615726e-20               
16862.4605303      4.0                     0.774910724525     1.29263993214e-17    111.188176558    107.896297238    14118.1608836      130.849354844    7.43522131426e-20               
16950.1290308      4.0                     0.773305296989     1.27321871492e-17    110.533191136    107.187747327    13945.0988962      130.099747816    8.47222796556e-20               
17037.606173       4.0                     0.771703379226     1.2541826415e-17     109.8682308      106.469528763    13771.270428       129.344710998    9.63692223821e-20               
17124.8931527      4.0                     0.77010492431      1.23552876671e-17    109.203728579    105.751773503    13599.2657061      128.596100619    1.0942865309e-19                
17211.9905647      4.0                     0.768509955228     1.21724982058e-17    108.542693892    105.037439045    13429.8520355      127.857763457    1.24048056667e-19               
17298.898438       4.0                     0.766918455052     1.19932872641e-17    107.870446096    104.312426745    13259.6577453      127.114842968    1.40387559368e-19               
17385.5962813      4.0                     0.765329169387     1.18175954439e-17    107.156626803    103.547514914    13081.6415421      126.334674018    1.5861627987e-19                
17472.0168526      4.0                     0.763658047313     1.16455015649e-17    106.427722612    102.766774059    12901.9065591      125.545505123    1.78904064261e-19               
17558.1396451      4.0                     0.761992678058     1.14770264127e-17    105.701707111    101.989481461    12725.241002       124.770131388    2.01441077802e-19               
17643.9652366      4.0                     0.760333065423     1.1312024883e-17     104.972546336    101.209856599    12550.2965986      124.002711004    2.2643622114e-19                
17729.4944088      4.0                     0.758679181589     1.11504437519e-17    104.241523161    100.429150724    12377.4891965      123.245980946    2.54113762487e-19               
17814.7289547      4.0                     0.757030984093     1.09921337835e-17    103.510648089    99.6493115841    12207.3405739      122.503009603    2.84714449175e-19               
17899.6694351      4.0                     0.755388485068     1.0837042167e-17     102.781021513    98.8713729562    12040.1647916      121.776045296    3.18495563293e-19               
17984.3173866      4.0                     0.753751632695     1.0685093933e-17     101.99502968     98.0400503919    11863.1676209      121.003279512    3.5573251119e-19                
18068.6733587      4.0                     0.752120428468     1.05361881474e-17    101.159544868    97.1619803124    11678.2770766      120.193897233    3.96718865727e-19               
18152.7381412      4.0                     0.750494883764     1.03902977434e-17    100.314969789    96.275870617     11494.6789846      119.393145042    4.41767659846e-19               
18236.5127776      4.0                     0.748874920197     1.02472751395e-17    99.4711074844    95.3910233708    11314.661039       118.613477864    4.91212294075e-19               
18319.9990699      4.0                     0.747260516841     1.01071416802e-17    98.6139627497    94.4939053183    11135.2250642      117.840669477    5.4540780763e-19                
18403.1975463      4.0                     0.745641132248     9.96976615646e-18    97.7313171508    93.5825350168    10956.0841         117.074025597    6.04730482901e-19               
18486.1090026      4.0                     0.744030167581     9.83508931826e-18    96.8482724204    92.6681037828    10779.9036392      116.328091319    6.69579568857e-19               
18568.7352455      4.0                     0.742424756317     9.7030522562e-18     95.963281127     91.7516254919    10607.0695022      115.606338802    7.40378907487e-19               
18651.0767875      4.0                     0.740824879974     9.57359129085e-18    95.1117992119    90.8667152894    10445.0829745      114.949494336    8.17575973119e-19               
18733.1336589      4.0                     0.7392305344       9.44664290365e-18    94.3141539455    90.0324495725    10298.1397927      114.382534759    9.01643099421e-19               
18814.9082072      4.0                     0.737641667725     9.32214734628e-18    93.5249662052    89.2051062281    10156.5927585      113.856629827    9.93081373253e-19               
18896.4011637      4.0                     0.736058280535     9.20004927575e-18    92.7299656212    88.3706643186    10017.562924       113.358465745    1.09241766429e-18               
18977.6141107      4.0                     0.734480318405     9.08028494182e-18    91.9113615257    87.5117052311    9877.46833764      112.870253317    1.20020812377e-18               
19058.5467567      4.0                     0.732907815913     8.96279811245e-18    91.0337943327    86.5940499699    9729.09793784      112.352961216    1.31703546555e-18               
19139.2004638      4.0                     0.731340743442     8.847538772e-18      90.1363697466    85.6544694894    9580.67897731      111.852645103    1.44351445321e-18               
19219.5764929      4.0                     0.72974752495      8.73445664554e-18    89.2574172417    84.7188109897    9437.91836069      111.402866146    1.58029069659e-18               
19299.7041397      4.0                     0.728223714336     8.62345557097e-18    88.3773782691    83.7984692626    9303.28940061      111.019801226    1.7280954814e-18                
19379.6246629      4.0                     0.726703834828     8.5144460656e-18     87.5705188646    82.9427198866    9187.38002802      110.767768896    1.88773540956e-18               
19459.3488704      4.0                     0.725187688183     8.40735621814e-18    86.77383901      82.0907941781    9077.39926812      110.577554511    2.06001111663e-18               
19538.8772152      4.0                     0.723675254246     8.30214584795e-18    85.9659324407    81.2215384655    8969.037387        110.426834513    2.24574416662e-18               
19618.2097155      4.0                     0.722166570663     8.19878597512e-18    85.1463341961    80.3337005745    8862.19839136      110.317317987    2.44579547647e-18               
19697.3463891      4.0                     0.720661606538     8.09723113598e-18    83.3608311014    78.5208650525    8567.23763355      109.107784636    2.6610673178e-18                
19776.2888476      4.0                     0.719160324482     7.99743875637e-18    80.9080393001    76.067845451     8148.93317953      107.127172213    2.89250932634e-18               
19855.0367274      4.0                     0.717662735001     7.89937351735e-18    78.3463979534    73.5054251742    7720.23322183      105.02943427     3.14110982181e-18               
19933.5906393      4.0                     0.716168853511     7.80294553845e-18    75.7825233591    70.934611379     7302.24905633      102.943385667    3.40790513015e-18               

