# wave aperture counts noise snr
       4000.0000     0.300000    0.0080886834       24.991785  0.000323654
       4005.2632     0.300000    0.0082346423       24.993654  0.000329469
       4010.5645     0.300000    0.0083832855       24.995537  0.000335391
       4015.9042     0.300000    0.0085350740       24.997445  0.000341438
       4021.2826     0.300000    0.0086897368       24.999382  0.000347598
       4026.7000     0.300000    0.0088476368       25.001345  0.000353886
       4032.1566     0.300000    0.0090086311       25.003329  0.000360297
       4037.6528     0.300000    0.0091729171       25.005344  0.000366838
       4043.1888     0.300000    0.0093405598       25.007391  0.000373512
       4048.7650     0.300000    0.0095115266       25.009450  0.000380317
       4054.3815     0.300000    0.0096861389       25.011543  0.000387267
       4060.0388     0.300000    0.0098640954       25.013669  0.000394348
       4065.7370     0.300000     0.010046021       25.015814  0.000401587
       4071.4766     0.300000     0.010231474       25.017992  0.000408965
       4077.2577     0.300000     0.010420901       25.020195  0.000416500
       4083.0808     0.300000     0.010614238       25.022422  0.000424189
       4088.9460     0.300000     0.010811519       25.024687  0.000432034
       4094.8538     0.300000     0.011013145       25.026977  0.000440051
       4100.8043     0.300000     0.011218779       25.029292  0.000448226
       4106.7980     0.300000     0.011429174       25.031648  0.000456589
       4112.8351     0.300000     0.011643918       25.034028  0.000465124
       4118.9160     0.300000     0.011863162       25.036434  0.000473836
       4125.0409     0.300000     0.012087323       25.038877  0.000482742
       4131.2102     0.300000     0.012316056       25.041352  0.000491829
       4137.4242     0.300000     0.012549909       25.043852  0.000501117
       4143.6833     0.300000     0.012788792       25.046388  0.000510604
       4149.9877     0.300000     0.013032612       25.048963  0.000520285
       4156.3378     0.300000     0.013282188       25.051562  0.000530194
       4162.7339     0.300000     0.013536982       25.054202  0.000540308
       4169.1764     0.300000     0.013797272       25.056868  0.000550638
       4175.6656     0.300000     0.014063609       25.059575  0.000561207
       4182.2017     0.300000     0.014335595       25.062308  0.000571998
       4188.7853     0.300000     0.014613632       25.065084  0.000583027
       4195.4166     0.300000     0.014898098       25.067894  0.000594310
       4202.0959     0.300000     0.015188725       25.070733  0.000605835
       4208.8236     0.300000     0.015486027       25.073610  0.000617623
       4215.6001     0.300000     0.015790269       25.076526  0.000629683
       4222.4257     0.300000     0.016101184       25.079484  0.000642006
       4229.3007     0.300000     0.016419095       25.082473  0.000654604
       4236.2256     0.300000     0.016744608       25.085501  0.000667501
       4243.2007     0.300000     0.017077373       25.088562  0.000680684
       4250.2263     0.300000     0.017417563       25.091672  0.000694157
       4257.3028     0.300000     0.017766051       25.094817  0.000707957
       4264.4306     0.300000     0.018122461       25.098001  0.000722068
       4271.6101     0.300000     0.018486946       25.101218  0.000736496
       4278.8415     0.300000     0.018860029       25.104488  0.000751261
       4286.1254     0.300000     0.019242080       25.107790  0.000766379
       4293.4621     0.300000     0.019632906       25.111140  0.000781840
       4300.8520     0.300000     0.020032763       25.114530  0.000797656
       4308.2954     0.300000     0.020442252       25.117960  0.000813850
       4315.7927     0.300000     0.020861457       25.121430  0.000830425
       4323.3444     0.300000     0.021290478       25.124949  0.000847384
       4330.9508     0.300000     0.021729571       25.128508  0.000864738
       4338.6123     0.300000     0.022179409       25.132115  0.000882513
       4346.3294     0.300000     0.022640234       25.135760  0.000900718
       4354.1023     0.300000     0.023111971       25.139460  0.000919350
       4361.9316     0.300000     0.023594953       25.143202  0.000938423
       4369.8177     0.300000     0.024089583       25.146983  0.000957951
       4377.7609     0.300000     0.024596718       25.150822  0.000977969
       4385.7616     0.300000     0.025116090       25.154702  0.000998465
       4393.8203     0.300000     0.025648058       25.158629   0.00101945
       4401.9375     0.300000     0.026192957       25.162612   0.00104095
       4410.1134     0.300000     0.026750892       25.166641   0.00106295
       4418.3486     0.300000     0.027323046       25.170716   0.00108551
       4426.6435     0.300000     0.027909270       25.174844   0.00110862
       4434.9985     0.300000     0.028509931       25.179021   0.00113229
       4443.4141     0.300000     0.029125426       25.183255   0.00115654
       4451.8906     0.300000     0.029756167       25.187537   0.00118138
       4460.4286     0.300000     0.030402573       25.191862   0.00120684
       4469.0284     0.300000     0.031065496       25.196253   0.00123294
       4477.6905     0.300000     0.031745153       25.200694   0.00125969
       4486.4155     0.300000     0.032441834       25.205183   0.00128711
       4495.2036     0.300000     0.033156008       25.209740   0.00131521
       4504.0555     0.300000     0.033888120       25.214338   0.00134400
       4512.9715     0.300000     0.034638855       25.219002   0.00137352
       4521.9521     0.300000     0.035408613       25.223723   0.00140378
       4530.9978     0.300000     0.036197863       25.228491   0.00143480
       4540.1090     0.300000     0.037007155       25.233326   0.00146660
       4549.2863     0.300000     0.037837286       25.238219   0.00149921
       4558.5301     0.300000     0.038688594       25.243169   0.00153264
       4567.8408     0.300000     0.039561621       25.248173   0.00156691
       4577.2191     0.300000     0.040456837       25.253247   0.00160205
       4586.6653     0.300000     0.041374950       25.258373   0.00163807
       4596.1799     0.300000     0.042316489       25.263573   0.00167500
       4605.7636     0.300000     0.043282258       25.268831   0.00171287
       4615.4166     0.300000     0.044273680       25.274154   0.00175174
       4625.1396     0.300000     0.045290486       25.279537   0.00179159
       4634.9331     0.300000     0.046333336       25.284980   0.00183245
       4644.7976     0.300000     0.047402918       25.290492   0.00187434
       4654.7335     0.300000     0.048499893       25.296071   0.00191729
       4664.7414     0.300000     0.049624963       25.301715   0.00196133
       4674.8219     0.300000     0.050778871       25.307429   0.00200648
       4684.9754     0.300000     0.051962257       25.313210   0.00205277
       4695.2025     0.300000     0.053175964       25.319060   0.00210023
       4705.5038     0.300000     0.054420862       25.324984   0.00214890
       4715.8796     0.300000     0.055699007       25.330973   0.00219885
       4726.3307     0.300000     0.057009670       25.337033   0.00225005
       4736.8575     0.300000     0.058353655       25.343164   0.00230254
       4747.4606     0.300000     0.059731743       25.349369   0.00235634
       4758.1405     0.300000     0.061144593       25.355649   0.00241148
       4768.8978     0.300000     0.062593046       25.362000   0.00246799
       4779.7331     0.300000     0.064077558       25.368433   0.00252588
       4790.6469     0.300000     0.065599200       25.374936   0.00258520
       4801.6398     0.300000     0.067158400       25.381516   0.00264596
       4812.7124     0.300000     0.068756237       25.388167   0.00270820
       4823.8651     0.300000     0.070392843       25.394907   0.00277193
       4835.0988     0.300000     0.072068050       25.401718   0.00283713
       4846.4138     0.300000     0.073782118       25.408614   0.00290382
       4857.8108     0.300000     0.075535003       25.415588   0.00297200
       4869.2905     0.300000     0.077326597       25.422643   0.00304164
       4880.8533     0.300000     0.079156042       25.429782   0.00311273
       4892.4999     0.300000     0.081022889       25.437002   0.00318524
       4904.2309     0.300000     0.082925546       25.444306   0.00325910
       4916.0469     0.300000     0.084862337       25.451696   0.00333425
       4927.9486     0.300000     0.086831439       25.459173   0.00341062
       4939.9365     0.300000     0.088831583       25.466735   0.00348814
       4952.0112     0.300000     0.090856259       25.474379   0.00356657
       4964.1735     0.300000     0.092904629       25.482114   0.00364588
       4976.4240     0.300000     0.094972408       25.489940   0.00372588
       4988.7632     0.300000     0.097055396       25.497854   0.00380641
       5001.1918     0.300000     0.099145110       25.505862   0.00388715
       5013.7105     0.300000      0.10123318       25.513948   0.00396776
       5026.3199     0.300000      0.10331645       25.522137   0.00404811
       5039.0207     0.300000      0.10538975       25.530418   0.00412801
       5051.8135     0.300000      0.10743828       25.538791   0.00420687
       5064.6990     0.300000      0.10945699       25.547264   0.00428449
       5077.6780     0.300000      0.11144167       25.555822   0.00436072
       5090.7509     0.300000      0.11338147       25.564480   0.00443512
       5103.9186     0.300000      0.11525978       25.573234   0.00450705
       5117.1818     0.300000      0.11707767       25.582084   0.00457655
       5130.5410     0.300000      0.11882902       25.591034   0.00464338
       5143.9971     0.300000      0.12049619       25.600088   0.00470687
       5157.5507     0.300000      0.12209188       25.609232   0.00476749
       5171.2025     0.300000      0.12360736       25.618483   0.00482493
       5184.9532     0.300000      0.12503785       25.627832   0.00487899
       5198.8036     0.300000      0.12639814       25.637289   0.00493025
       5212.7544     0.300000      0.12768196       25.646845   0.00497847
       5226.8063     0.300000      0.12890334       25.656507   0.00502420
       5240.9600     0.300000      0.13007757       25.666280   0.00506803
       5255.2162     0.300000      0.13121924       25.676155   0.00511055
       5269.5758     0.300000      0.13234849       25.686146   0.00515252
       5284.0394     0.300000      0.13349224       25.696245   0.00519501
       5298.6079     0.300000      0.13466987       25.706458   0.00523876
       5313.2819     0.300000      0.13591744       25.716786   0.00528516
       5328.0623     0.300000      0.13725666       25.727227   0.00533507
       5342.9498     0.300000      0.13872644       25.737780   0.00538999
       5357.9452     0.300000      0.14035449       25.748460   0.00545099
       5373.0492     0.300000      0.14217591       25.759264   0.00551941
       5388.2627     0.300000      0.14421367       25.770185   0.00559614
       5403.5865     0.300000      0.14650651       25.781228   0.00568268
       5419.0213     0.300000      0.14906075       25.792407   0.00577925
       5434.5679     0.300000      0.15192183       25.803707   0.00588760
       5450.2272     0.300000      0.15506857       25.815138   0.00600688
       5466.0000     0.300000      0.15855307       25.826702   0.00613911
       5481.8871     0.300000      0.16233921       25.838394   0.00628287
       5497.8894     0.300000      0.16644688       25.850222   0.00643890
       5514.0076     0.300000      0.17086393       25.862181   0.00660671
       5530.2426     0.300000      0.17556630       25.874279   0.00678536
       5546.5953     0.300000      0.18055697       25.886510   0.00697494
       5563.0664     0.300000      0.18578803       25.898878   0.00717359
       5579.6570     0.300000      0.19123787       25.911382   0.00738046
       5596.3677     0.300000      0.19688232       25.924026   0.00759459
       5613.1996     0.300000      0.20267858       25.936799   0.00781433
       5630.1534     0.300000      0.20860146       25.949722   0.00803868
       5647.2302     0.300000      0.21460539       25.962777   0.00826589
       5664.4306     0.300000      0.22065408       25.975975   0.00849454
       5681.7557     0.300000      0.22671632       25.989314   0.00872344
       5699.2064     0.300000      0.23275633       26.002794   0.00895120
       5716.7835     0.300000      0.23873889       26.016419   0.00917647
       5734.4880     0.300000      0.24465203       26.030188   0.00939878
       5752.3208     0.300000      0.25047031       26.044094   0.00961716
       5770.2829     0.300000      0.25617958       26.058150   0.00983107
       5788.3751     0.300000      0.26176311       26.072345    0.0100399
       5806.5984     0.300000      0.26723676       26.086693    0.0102442
       5824.9538     0.300000      0.27262306       26.101187    0.0104449
       5843.4422     0.300000      0.27794403       26.115833    0.0106427
       5862.0646     0.300000      0.28323825       26.130637    0.0108393
       5880.8219     0.300000      0.28855462       26.145593    0.0110365
       5899.7152     0.300000      0.29395793       26.160705    0.0112366
       5918.7454     0.300000      0.30080603       26.181435    0.0114893
       5937.9949     0.300000      0.30801164       26.202584    0.0117550
       5957.4675     0.300000      0.31566033       26.224085    0.0120370
       5977.1658     0.300000      0.32387317       26.245937    0.0123399
       5997.0924     0.300000      0.33278793       26.268155    0.0126689
       6017.2499     0.300000      0.34049571       26.282381    0.0129553
       6037.6411     0.300000      0.34872800       26.295312    0.0132620
       6058.2685     0.300000      0.35794325       26.308360    0.0136057
       6079.1351     0.300000      0.36825894       26.321515    0.0139908
       6100.2435     0.300000      0.37978113       26.334782    0.0144213
       6121.5965     0.300000      0.39261243       26.348172    0.0149009
       6143.1970     0.300000      0.40678102       26.361677    0.0154308
       6165.0478     0.300000      0.42229167       26.375299    0.0160109
       6187.1519     0.300000      0.43911796       26.389040    0.0166402
       6209.5121     0.300000      0.45718957       26.402892    0.0173159
       6232.1315     0.300000      0.47643709       26.416866    0.0180353
       6255.0131     0.300000      0.49668664       26.430949    0.0187919
       6278.1598     0.300000      0.51776623       26.445141    0.0195789
       6301.5748     0.300000      0.53950640       26.459446    0.0203899
       6325.2612     0.300000      0.56172317       26.473851    0.0212180
       6349.2221     0.300000      0.58420395       26.488182    0.0220553
       6373.4607     0.300000      0.60670565       26.502257    0.0228926
       6397.9802     0.300000      0.62926834       26.516414    0.0237313
       6422.7839     0.300000      0.65181935       26.530646    0.0245685
       6447.8750     0.300000      0.67432942       26.544959    0.0254033
       6473.2570     0.300000      0.69680087       26.559355    0.0262356
       6498.9331     0.300000      0.71926770       26.573836    0.0270668
       6524.9068     0.300000      0.74174519       26.588388    0.0278973
       6551.1815     0.300000      0.76429964       26.603034    0.0287298
       6577.7608     0.300000      0.78695254       26.617756    0.0295649
       6604.6480     0.300000      0.80980788       26.632567    0.0304067
       6631.8469     0.300000      0.83263824       26.647456    0.0312464
       6659.3611     0.300000      0.87658508       26.662839    0.0328767
       6687.1941     0.300000       1.0216385       26.680028    0.0382923
       6715.3496     0.300000       1.1959843       26.696644    0.0447991
       6743.8315     0.300000       1.3154951       26.712231    0.0492469
       6772.6435     0.300000       1.4437399       26.728037    0.0540159
       6801.7894     0.300000       1.6038396       26.744488    0.0599690
       6831.2731     0.300000       1.7776011       26.761245    0.0664245
       6861.0985     0.300000       1.8886684       26.776829    0.0705337
       6891.2696     0.300000       1.9439033       26.791382    0.0725570
       6921.7903     0.300000       2.0271534       26.806512    0.0756217
       6952.6648     0.300000       2.1447407       26.822335    0.0799610
       6983.8971     0.300000       2.2244178       26.837476    0.0828848
       7015.4914     0.300000       2.3677020       26.853862    0.0881699
       7047.4518     0.300000       2.6610670       26.868964    0.0990387
       7079.7827     0.300000       2.9708545       26.882651     0.110512
       7112.4882     0.300000       3.1876992       26.894426     0.118526
       7145.5728     0.300000       3.4556757       26.907059     0.128430
       7179.0409     0.300000       3.9411918       26.923708     0.146384
       7212.8968     0.300000       4.4827831       26.941304     0.166391
       7247.1451     0.300000       4.9316172       26.956965     0.182944
       7281.7903     0.300000       5.2725730       26.970428     0.195495
       7316.8370     0.300000       5.4772979       26.981136     0.203005
       7352.2900     0.300000       5.6534074       26.991151     0.209454
       7388.1538     0.300000       5.6720001       27.000119     0.210073
       7424.4333     0.300000       5.4214021       27.005165     0.200754
       7461.1332     0.300000       5.1486391       27.009719     0.190622
       7498.2585     0.300000       5.1358701       27.019166     0.190082
       7535.8140     0.300000       5.5001239       27.035709     0.203439
       7573.8048     0.300000       5.9516034       27.053837     0.219991
       7612.2359     0.300000       6.2658389       27.069260     0.231474
       7651.1124     0.300000       6.5228368       27.083503     0.240842
       7690.4395     0.300000       6.9004380       27.099958     0.254629
       7730.2224     0.300000       7.5100860       27.122465     0.276895
       7770.4663     0.300000       7.9808537       27.143595     0.294023
       7811.1767     0.300000       8.2169605       27.160717     0.302531
       7852.3682     0.300000       8.3960719       27.177979     0.308929
       7894.0717     0.300000       8.3141623       27.190288     0.305777
       7936.2935     0.300000       8.0707622       27.199538     0.296724
       7979.0400     0.300000       7.4453358       27.201556     0.273710
       8022.3178     0.300000       6.5872757       27.199174     0.242187
       8066.1335     0.300000       6.2901752       27.206848     0.231198
       8110.4938     0.300000       6.2294795       27.218130     0.228872
       8155.4054     0.300000       6.2250561       27.230421     0.228607
       8200.8751     0.300000       6.3790257       27.245649     0.234130
       8246.9100     0.300000       6.7497894       27.264901     0.247563
       8293.5171     0.300000       7.4378848       27.290070     0.272549
       8340.7033     0.300000       8.2376708       27.317257     0.301556
       8388.4761     0.300000       9.0283467       27.344179     0.330174
       8436.8425     0.300000       9.6922315       27.370747     0.354109
       8485.8101     0.300000       10.264361       27.395633     0.374671
       8535.3863     0.300000       10.993674       27.423435     0.400886
       8585.5786     0.300000       11.706552       27.450891     0.426454
       8636.3948     0.300000       12.567302       27.481082     0.457307
       8687.8425     0.300000       13.735508       27.516968     0.499165
       8739.9296     0.300000       15.106224       27.556512     0.548191
       8792.6641     0.300000       16.363012       27.593431     0.593004
       8846.0540     0.300000       17.272105       27.623799     0.625262
       8900.1075     0.300000       17.790162       27.646813     0.643480
       8954.8327     0.300000       18.058677       27.665136     0.652759
       9010.2381     0.300000       18.099546       27.679160     0.653905
       9066.3321     0.300000       18.175000       27.693786     0.656284
       9123.1233     0.300000       17.530427       27.695828     0.632963
       9180.6203     0.300000       15.181728       27.666274     0.548745
       9238.8319     0.300000       12.339130       27.627462     0.446626
       9297.7669     0.300000       10.504105       27.607359     0.380482
       9357.4345     0.300000       10.135688       27.614583     0.367041
       9417.8436     0.300000       10.535630       27.636189     0.381226
       9479.0035     0.300000       11.663085       27.673257     0.421457
       9540.9235     0.300000       14.088048       27.734400     0.507963
       9603.6131     0.300000       18.516490       27.832516     0.665283
       9667.0818     0.300000       23.821300       27.946470     0.852390
       9731.3394     0.300000       27.492484       28.025122     0.980994
       9796.2681     0.300000       28.793237       28.056578      1.02626
       9861.7398     0.300000       27.891909       28.048622     0.994413
       9927.7591     0.300000       25.733760       28.017606     0.918485
       9994.3304     0.300000       24.888985       28.010743     0.888551
       10061.458     0.300000       26.927113       28.056883     0.959733
       10129.148     0.300000       29.825681       28.121662      1.06059
       10197.403     0.300000       31.207090       28.162010      1.10813
       10266.229     0.300000       30.179239       28.158404      1.07177
       10335.631     0.300000       28.451199       28.142108      1.01098
       10405.613     0.300000       27.022388       28.131422     0.960577
       10476.181     0.300000       25.295706       28.115889     0.899694
       10547.338     0.300000       22.942439       28.089434     0.816764
       10619.091     0.300000       20.579593       28.062929     0.733337
       10691.444     0.300000       18.318394       28.038422     0.653332
       10764.401     0.300000       17.702784       28.044295     0.631244
       10837.969     0.300000       19.414778       28.094731     0.691047
       10912.152     0.300000       21.531251       28.153145     0.764790
       10986.956     0.300000       22.638157       28.193201     0.802965
       11062.384     0.300000       22.949950       28.218874     0.813284
       11138.444     0.300000       24.863890       28.274788     0.879366
       11215.140     0.300000       27.654195       28.349799     0.975464
       11292.477     0.300000       28.903711       28.396932      1.01785
       11370.461     0.300000       28.675871       28.417463      1.00909
       11449.097     0.300000       28.295223       28.435475     0.995068
       11528.391     0.300000       27.477510       28.444383     0.966008
       11608.347     0.300000       25.256108       28.426762     0.888462
       11688.944     0.300000       23.393827       28.407102     0.823520
       11769.942     0.300000       22.570556       28.406420     0.794558
       11851.342     0.300000       21.570652       28.402237     0.759470
       11933.147     0.300000       20.804323       28.402107     0.732492
       12015.359     0.300000       19.529834       28.392859     0.687843
       12097.979     0.300000       17.484376       28.369709     0.616304
       12181.010     0.300000       16.836194       28.373631     0.593375
       12264.453     0.300000       17.937003       28.411634     0.631326
       12348.312     0.300000       18.394094       28.438063     0.646812
       12432.587     0.300000       18.680887       28.461516     0.656356
       12517.281     0.300000       19.757391       28.496976     0.693315
       12602.396     0.300000       21.794099       28.541677     0.763589
       12687.935     0.300000       24.438723       28.597337     0.854580
       12773.898     0.300000       26.291481       28.638667     0.918041
       12860.289     0.300000       26.702879       28.653516     0.931923
       12947.109     0.300000       26.749660       28.660920     0.933315
       13034.361     0.300000       25.227069       28.640081     0.880831
       13122.046     0.300000       21.724058       28.583490     0.760021
       13210.167     0.300000       19.857303       28.558120     0.695329
       13298.727     0.300000       20.349614       28.577533     0.712084
       13387.726     0.300000       21.412020       28.607288     0.748481
       13477.168     0.300000       21.173333       28.613575     0.739975
       13567.055     0.300000       19.517700       28.582211     0.682862
       13657.075     0.300000       19.079839       28.568403     0.667865
       13747.124     0.300000       21.445952       28.605393     0.749717
       13837.200     0.300000       24.422135       28.653436     0.852328
       13927.305     0.300000       25.632535       28.667295     0.894139
       14017.437     0.300000       25.843772       28.662732     0.901651
       14107.597     0.300000       25.709813       28.652080     0.897311
       14197.785     0.300000       24.970752       28.630894     0.872161
       14288.002     0.300000       23.691498       28.608243     0.828135
       14378.245     0.300000       22.694123       28.590734     0.793758
       14468.517     0.300000       22.962025       28.596190     0.802975
       14558.817     0.300000       24.134207       28.616194     0.843376
       14649.145     0.300000       24.921563       28.623550     0.870666
       14739.501     0.300000       25.405184       28.625663     0.887497
       14829.885     0.300000       25.892986       28.628139     0.904459
       14920.296     0.300000       25.476750       28.614105     0.890356
       15010.736     0.300000       23.056582       28.563580     0.807202
       15101.204     0.300000       18.491511       28.474398     0.649408
       15191.699     0.300000       13.834359       28.383709     0.487405
       15282.223     0.300000       11.418297       28.335531     0.402967
       15372.775     0.300000       11.894777       28.341337     0.419697
       15463.355     0.300000       14.931076       28.389336     0.525940
       15553.807     0.300000       18.807086       28.451105     0.661032
       15644.064     0.300000       21.721106       28.491672     0.762367
       15734.127     0.300000       23.195841       28.506755     0.813696
       15823.996     0.300000       23.596105       28.503535     0.827831
       15913.672     0.300000       23.261978       28.488695     0.816534
       16003.155     0.300000       22.343015       28.467235     0.784868
       16092.446     0.300000       21.182101       28.443031     0.744720
       16181.544     0.300000       20.072226       28.421612     0.706231
       16270.451     0.300000       19.239051       28.405777     0.677294
       16359.166     0.300000       18.640998       28.392961     0.656536
       16447.690     0.300000       17.978158       28.381641     0.633443
       16536.024     0.300000       17.285150       28.372748     0.609217
       16624.168     0.300000       16.526146       28.366463     0.582595
       16712.122     0.300000       15.633255       28.362038     0.551204
       16799.887     0.300000       14.837244       28.363490     0.523111
       16887.463     0.300000       14.226038       28.372887     0.501396
       16974.851     0.300000       13.739267       28.388746     0.483969
       17062.050     0.300000       13.234815       28.409143     0.465865
       17149.062     0.300000       12.718988       28.435491     0.447293
       17235.887     0.300000       12.341137       28.471127     0.433462
       17322.525     0.300000       12.114492       28.515877     0.424833
       17408.948     0.300000       11.911748       28.566092     0.416989
       17495.075     0.300000       11.683019       28.624536     0.408147
       17580.908     0.300000       11.468230       28.692712     0.399691
       17666.447     0.300000       11.288145       28.771346     0.392340
       17751.693     0.300000       11.095852       28.860669     0.384463
       17836.648     0.300000       10.781295       28.959834     0.372284
       17921.312     0.300000       10.422740       29.071214     0.358524
       18005.687     0.300000       10.143047       29.192548     0.347453
       18089.773     0.300000       9.8627979       29.325515     0.336321
       18173.571     0.300000       9.5519009       29.473476     0.324085
       18257.082     0.300000       9.1859803       29.637047     0.309949
       18340.308     0.300000       8.7559248       29.815695     0.293668
       18423.249     0.300000       8.2903354       30.011226     0.276241
       18505.906     0.300000       7.7797888       30.225636     0.257390
       18588.281     0.300000       7.3481838       30.462155     0.241223
       18670.374     0.300000       7.1429980       30.729305     0.232449
       18752.185     0.300000       7.1086042       31.029213     0.229094
       18833.717     0.300000       7.1951071       31.356167     0.229464
       18914.970     0.300000       7.3250006       31.710062     0.230999
       18995.946     0.300000       7.4509077       32.088556     0.232198
       19076.644     0.300000       7.5585042       32.486508     0.232666
       19157.066     0.300000       7.6832247       32.913339     0.233438
       19237.213     0.300000       7.8437499       33.373638     0.235028
       19317.122     0.300000       8.0307262       33.869596     0.237107
       19396.835     0.300000       8.1915048       34.415217     0.238020
       19476.354     0.300000       8.2697756       34.995432     0.236310
       19555.679     0.300000       8.2455725       35.611167     0.231545
       19634.810     0.300000       8.0873151       36.263231     0.223017
       19713.747     0.300000       7.6179773       36.675561     0.207713
       19792.492     0.300000       7.0690111       36.970866     0.191205
       19871.044     0.300000       6.5570571       37.256326     0.175998
       19949.404     0.300000       6.1305544       37.533941     0.163334
