#ObserverLambda    ApertureRadiusPixels    EncircledEnergy    f_lambda             OptimalS/N           ApertureS/N          AperturePhotons     ApertureNoise    Thermal_f_lambda_per_arcsec2    _z=1.50_exp=468.0_ph=0.0_gal=0_PSF=WebbPSF_pxsl=0.075_mdl=hsiao_type=Ia_waifs_R_zodi=waifs_zodi_medium_offi=15j=8_RN=4.0    
4000.0             4.0                     0.916058462019     4.15872851634e-21    0.000749968729402    0.000313514427649    0.00810625163965    25.8560720808    5.50964234883e-59               
4005.26666418      4.0                     0.915967399078     4.16530948151e-21    0.000762779095329    0.000319147816061    0.0082525315102     25.8580228186    6.47301825419e-59               
4010.57149906      4.0                     0.915875662675     4.17202545169e-21    0.000775842727177    0.000324894673217    0.00840176642595    25.8599697643    7.61040677328e-59               
4015.91480579      4.0                     0.915783268203     4.17887963967e-21    0.000789162533736    0.000330756290943    0.00855400074089    25.8619442021    8.95420757962e-59               
4021.29688552      4.0                     0.915690212767     4.18587775062e-21    0.000802747971664    0.00033673667706     0.00870933987365    25.8639479064    1.0543026205e-58                
4026.71803917      4.0                     0.915596482302     4.19302253066e-21    0.000816586537689    0.000342830636529    0.00886764941952    25.8659771755    1.24228945011e-58               
4032.17846828      4.0                     0.915502044247     4.20031633116e-21    0.000830717064137    0.000349054514476    0.00902935559221    25.8680384231    1.46486934382e-58               
4037.67857352      4.0                     0.9154069441       4.20776180648e-21    0.000845114603427    0.000355397875253    0.00919418788508    25.870126203     1.72860328595e-58               
4043.21855674      4.0                     0.915311150279     4.21536357067e-21    0.000859816863309    0.000361876570137    0.00936255990574    25.8722467227    2.04132075158e-58               
4048.79881783      4.0                     0.915214648739     4.22312634656e-21    0.000874785390702    0.000368474435673    0.00953403888561    25.8743564345    2.41239434863e-58               
4054.41945981      4.0                     0.915117465464     4.23105257849e-21    0.00089008800674     0.000375220020738    0.0097093949608     25.8765375624    2.85301629597e-58               
4060.08098182      4.0                     0.915019555915     4.23914530531e-21    0.000905670386599    0.000382090442836    0.00988802077127    25.8787440426    3.37661822235e-58               
4065.78348744      4.0                     0.914920950325     4.24740767407e-21    0.000921602452908    0.000389115135225    0.0100706696405     25.8809507235    3.99925523113e-58               
4071.52747527      4.0                     0.914821646145     4.25584568139e-21    0.000937829301066    0.000396270900836    0.0102567667319     25.8832195609    4.74021988689e-58               
4077.31304947      4.0                     0.914721599195     4.26446234487e-21    0.000954421795732    0.000403587603917    0.0104470622917     25.8854885291    5.62260649231e-58               
4083.1407081       4.0                     0.914620835333     4.27326096587e-21    0.000971325926439    0.000411042342415    0.0106409909854     25.8878219768    6.67420233341e-58               
4089.01055588      4.0                     0.914519327043     4.28224441898e-21    0.000988612265504    0.000418664869484    0.0108392982488     25.8901547249    7.92831851381e-58               
4094.92309034      4.0                     0.914417072231     4.2914186315e-21     0.00100622787174     0.000426432676401    0.0110414143187     25.8925146447    9.42508737103e-58               
4100.8784168       4.0                     0.914314114988     4.30078751552e-21    0.00102424681049     0.000434377010949    0.0112481548684     25.8949129095    1.12126884441e-57               
4106.87703344      4.0                     0.914210377868     4.31035464615e-21    0.00104262661785     0.000442479723664    0.0114590484212     25.8973412981    1.33492430162e-57               
4112.91914386      4.0                     0.914105921922     4.32012319026e-21    0.00106141296436     0.000450760009348    0.0116745969884     25.8998064297    1.59046713914e-57               
4119.00514693      4.0                     0.914000683454     4.33009849739e-21    0.00108057992739     0.00045920666982     0.0118945102624     25.9023029154    1.89633482404e-57               
4125.13524656      4.0                     0.913894664674     4.34028527218e-21    0.00110017473768     0.000467839538919    0.0121193069152     25.9048368234    2.26269588221e-57               
4131.30984284      4.0                     0.913787894561     4.3506872079e-21     0.00112018782464     0.000476654325861    0.0123488767629     25.9074052051    2.70183735479e-57               
4137.5292387       4.0                     0.91368037131      4.36130788942e-21    0.00114064931036     0.000485663538035    0.0125835482336     25.9100122784    3.22859674389e-57               
4143.79383246      4.0                     0.913572016352     4.37215251953e-21    0.00116153678836     0.000494857349502    0.0128230660924     25.9126516062    3.86092059828e-57               
4150.10382865      4.0                     0.913462907594     4.38322603311e-21    0.00118289942297     0.000504256393313    0.0130679489379     25.9152865708    4.62049841283e-57               
4156.45962713      4.0                     0.913352994984     4.3945324021e-21     0.00120472430589     0.000513854716191    0.0133180870209     25.9180009471    5.5336090301e-57                
4162.86153114      4.0                     0.913242310064     4.40607548896e-21    0.00122704963013     0.000523668260577    0.0135738538763     25.9207114469    6.63207405532e-57               
4169.30994042      4.0                     0.913130793001     4.41786067525e-21    0.00124986672487     0.000533692890891    0.0138351896305     25.9235036978    7.95448757214e-57               
4175.80515432      4.0                     0.913018471527     4.42989300292e-21    0.00127317287352     0.000543926900319    0.0141020034687     25.9262843233    9.54764818747e-57               
4182.34738239      4.0                     0.912905373068     4.44217637414e-21    0.00129705366878     0.000554406397732    0.0143752649567     25.9291108751    1.1468331774e-56                
4188.93721822      4.0                     0.912791407974     4.45471551822e-21    0.00132145087804     0.000565105874064    0.0146543110324     25.9319743519    1.37856304931e-56               
4195.57486517      4.0                     0.912676649517     4.467515734e-21      0.00134639527757     0.000576037903028    0.0149394987567     25.9349231677    1.65834035593e-56               
4202.26062704      4.0                     0.912561038771     4.4805818992e-21     0.00137192432508     0.000587217786402    0.0152311764412     25.9378663145    1.9963682008e-56                
4208.99490557      4.0                     0.912444570366     4.4939185668e-21     0.00139805456789     0.000598651920576    0.015529540926      25.9408520915    2.40507141249e-56               
4215.77810003      4.0                     0.912327307089     4.50753047366e-21    0.00142478113576     0.000610337458809    0.0158345193515     25.9438760034    2.8995860416e-56                
4222.61051189      4.0                     0.912209142879     4.52142288523e-21    0.0014521253373      0.0006222826767      0.016146300923      25.9468912241    3.49835459294e-56               
4229.49244793      4.0                     0.912090163595     4.535600519e-21      0.00148013649166     0.000634507783889    0.0164654793101     25.9500036535    4.22387045684e-56               
4236.42440481      4.0                     0.91197027991      4.5500684163e-21     0.00150879924757     0.000647005255614    0.0167918286184     25.9531564431    5.10361172574e-56               
4243.40668402      4.0                     0.911849521793     4.56483153316e-21    0.00153813213143     0.000659782016473    0.017125499855      25.9562998497    6.17111870918e-56               
4250.43958996      4.0                     0.911727916876     4.5798950917e-21     0.00156816876158     0.000672851364968    0.0174669112975     25.9595390705    7.46738202771e-56               
4257.52352448      4.0                     0.911605432938     4.59526416936e-21    0.00159894143372     0.000686225964536    0.0178163290182     25.9627731082    9.04255362712e-56               
4264.65888942      4.0                     0.911482055705     4.61094390833e-21    0.00163045603474     0.000699907087368    0.0181738609458     25.9661050356    1.09580195502e-55               
4271.84608036      4.0                     0.911357783662     4.62693947971e-21    0.0016627031131      0.000713889339591    0.0185392937484     25.9694223184    1.32889655714e-55               
4279.08531144      4.0                     0.91123261481      4.64325574145e-21    0.0016957869043      0.00072821601606     0.0189138050523     25.9727946587    1.61274655456e-55               
4286.37717526      4.0                     0.911106518591     4.65989848877e-21    0.00172966387912     0.000742866921122    0.0192969089612     25.9762662901    1.95865962626e-55               
4293.7219768       4.0                     0.910979509568     4.67687278574e-21    0.00176438206776     0.000757861002897    0.0196890236692     25.9797292563    2.38050109008e-55               
4301.12011449      4.0                     0.910851583535     4.6941838559e-21     0.00179994387254     0.000773197596446    0.0200901765361     25.9832371808    2.89530325108e-55               
4308.57189349      4.0                     0.910725887467     4.71183705572e-21    0.00183607723433     0.000788897829518    0.0205009253308     25.9867939341    3.52398917194e-55               
4316.07771937      4.0                     0.910599700878     4.72983791108e-21    0.0018730774395      0.000804980274126    0.020921760743      25.9904017719    4.29229522639e-55               
4323.63808698      4.0                     0.910472615875     4.74819140777e-21    0.00191096039593     0.000821432754908    0.0213523210742     25.9939976177    5.23190385339e-55               
4331.25330174      4.0                     0.910344606386     4.76690293754e-21    0.00194977278868     0.000838274130007    0.0217932032444     25.9977046461    6.38180451532e-55               
4338.92376956      4.0                     0.910215656761     4.78597836357e-21    0.00198956414907     0.000855524423248    0.0222448866949     26.0014630681    7.79005153663e-55               
4346.64998078      4.0                     0.910085785122     4.80542276717e-21    0.00203030353483     0.00087316899318     0.0227069409158     26.0052075751    9.51591748667e-55               
4354.43215303      4.0                     0.909954955583     4.82524114035e-21    0.00207209765845     0.000891252270387    0.0231806429999     26.0090703498    1.16324661952e-54               
4362.2708807       4.0                     0.909823178733     4.84544007122e-21    0.00211494377622     0.000909771492967    0.0236658174633     26.0129248347    1.42300096128e-54               
4370.16656156      4.0                     0.909690464424     4.86602458611e-21    0.00215883177441     0.000928720659843    0.0241624237702     26.0168905624    1.74200761939e-54               
4378.11950165      4.0                     0.909556743026     4.88699937975e-21    0.00220383278816     0.000948128629316    0.02467110833       26.0208452389    2.13404956291e-54               
4386.13010746      4.0                     0.909422082634     4.90837076601e-21    0.00224999769575     0.000968015407906    0.02519246242       26.0248568507    2.61618077574e-54               
4394.19888141      4.0                     0.909286451753     4.93014430832e-21    0.00229735823388     0.000988392616088    0.0257267984259     26.0289261647    3.20951934932e-54               
4402.32631211      4.0                     0.909149811411     4.95232464472e-21    0.00234587473346     0.00100924111987     0.0262736178249     26.0330433507    3.94022687472e-54               
4410.51261974      4.0                     0.909012198097     4.9749177394e-21     0.00239568704899     0.00103061879631     0.026834452307      26.0372238533    4.84070294822e-54               
4418.75839757      4.0                     0.908873579536     4.99792944297e-21    0.00244677696769     0.00105251537278     0.0274090374324     26.0414604302    5.95117374782e-54               
4427.0640477       4.0                     0.908733963463     5.02136337566e-21    0.00249918311816     0.00107494498417     0.0279977488172     26.0457504611    7.32154422181e-54               
4435.42997726      4.0                     0.908593311928     5.04522611149e-21    0.00255297895319     0.0010979364699      0.0286012817972     26.0500334776    9.01379102069e-54               
4443.85667862      4.0                     0.908451686045     5.06952315087e-21    0.00260813830181     0.00112147573982     0.0292194255955     26.0544428719    1.11049536755e-53               
4452.34446908      4.0                     0.908308995721     5.09425734533e-21    0.00266478902443     0.00114561471248     0.0298534752874     26.0589140155    1.36907830149e-53               
4460.89393578      4.0                     0.908165255377     5.11943592242e-21    0.00272290181426     0.00117033756459     0.0305029380867     26.0633675356    1.68905087109e-53               
4469.50539123      4.0                     0.908020489277     5.14506326414e-21    0.00278257250812     0.00119568210986     0.0311689071922     26.0678878903    2.08524804176e-53               
4478.17934349      4.0                     0.907874690539     5.17114210122e-21    0.00284385729676     0.00122166887414     0.0318520188118     26.0725467318    2.57616062549e-53               
4486.91637334      4.0                     0.907727826186     5.19767984292e-21    0.0029067148486      0.00124827631345     0.0325515302358     26.0771833007    3.18484830406e-53               
4495.71671047      4.0                     0.907579857365     5.22467916016e-21    0.00297132987241     0.00127557964776     0.0332695308874     26.0818922171    3.94005040007e-53               
4504.58103532      4.0                     0.907430841918     5.25214294861e-21    0.00303763160967     0.00130354431779     0.0340051159976     26.0866589141    4.87768012781e-53               
4513.50966143      4.0                     0.907280754415     5.28007793678e-21    0.0031057326297      0.00133221407568     0.0347594531598     26.0914921966    6.04255707568e-53               
4522.50309146      4.0                     0.907129581333     5.30848539639e-21    0.00317568268009     0.0013616055455      0.0355329923683     26.0963922229    7.49071769103e-53               
4531.56182208      4.0                     0.906977284523     5.3373686592e-21     0.00324751558978     0.00139172823648     0.0363259953709     26.1013568732    9.29224204752e-53               
4540.68626783      4.0                     0.906823869523     5.36673415095e-21    0.00332134501354     0.00142262544112     0.0371396126576     26.1063886419    1.15348061547e-52               
4549.87701937      4.0                     0.906669370481     5.39658048381e-21    0.00339717794464     0.00145429471693     0.0379736821486     26.1114076168    1.43282393867e-52               
4559.13447902      4.0                     0.906513759727     5.42691207683e-21    0.00347505199629     0.00148674616348     0.03882871133       26.1165707259    1.78100911783e-52               
4568.45906843      4.0                     0.906357006514     5.45773326751e-21    0.00355514672411     0.0015200505223      0.0397063523339     26.1217319763    2.21527903335e-52               
4577.85146503      4.0                     0.906199104281     5.48904172099e-21    0.00363737661165     0.001554164594       0.0406057153756     26.1270366938    2.75727727685e-52               
4587.31198406      4.0                     0.906040095415     5.52084327881e-21    0.00372189875122     0.00158914868766     0.0415281522466     26.1323264267    3.43414914949e-52               
4596.84114177      4.0                     0.905879896248     5.55313765066e-21    0.00380883457787     0.00162504735324     0.0424749932652     26.1376957297    4.27999786188e-52               
4606.43960762      4.0                     0.905728561787     5.58592430569e-21    0.0038959009489      0.00166182506728     0.0434453009931     26.1431253195    5.33769905084e-52               
4616.10761789      4.0                     0.9056057849       5.61920840925e-21    0.00397883601058     0.00169962224513     0.0444428046187     26.1486367021    6.661113058e-52                 
4625.84586216      4.0                     0.905482123431     5.65298472592e-21    0.00406385468763     0.0017383774463      0.0454659108695     26.1542227013    8.31806364738e-52               
4635.6548433       4.0                     0.905357542346     5.68725686926e-21    0.00415100761416     0.00177811210466     0.0465152055494     26.1598835234    1.03939107058e-51               
4645.53505693      4.0                     0.90523207142      5.72202563201e-21    0.00424031832782     0.00181883578666     0.0475909588134     26.1656160289    1.2996173413e-51                
4655.48692023      4.0                     0.905105670317     5.75728515058e-21    0.004331921761       0.00186060583614     0.0486947013477     26.1714224484    1.62603328493e-51               
4665.51103654      4.0                     0.904978386195     5.79304142128e-21    0.00442589587279     0.00190345483264     0.0498271600436     26.1772221695    2.03573007069e-51               
4675.60799407      4.0                     0.904850140419     5.82928600298e-21    0.00452219567891     0.00194736238591     0.0509881475306     26.1831839309    2.55027473374e-51               
4685.77821068      4.0                     0.904720990797     5.86601987906e-21    0.00462098715623     0.00199239854862     0.0521792025513     26.189139009     3.19688665281e-51               
4696.02228976      4.0                     0.904590916016     5.90324133406e-21    0.00472230602203     0.00203857706268     0.0534010720148     26.1952677641    4.00996163438e-51               
4706.34081107      4.0                     0.904459843424     5.94094082501e-21    0.00482613358804     0.00208588767502     0.0546531128303     26.2013690789    5.03297557296e-51               
4716.73411668      4.0                     0.904327839505     5.97912116412e-21    0.00493272884047     0.00213444013328     0.055938474599      26.2075631576    6.32088145552e-51               
4727.20297853      4.0                     0.904194904655     6.01776631838e-21    0.00504198243655     0.00218418437544     0.0572558471654     26.2138342391    7.94326983571e-51               
4737.7478156       4.0                     0.904060992293     6.05687630636e-21    0.00515405112603     0.00223518514397     0.0586069819398     26.2201912436    9.98819568439e-51               
4748.36922308      4.0                     0.903926111896     6.09643571866e-21    0.005268968134       0.00228745337275     0.0599921974249     26.2266318254    1.25672323575e-50               
4759.06771244      4.0                     0.903790246784     6.13643019148e-21    0.00538683731218     0.00234103005926     0.0614126180803     26.2331608419    1.58217710507e-50               
4769.84388721      4.0                     0.903653396929     6.17685198492e-21    0.00550774004663     0.00239594624442     0.0628691019394     26.2397798306    1.99311413045e-50               
4780.69834228      4.0                     0.903515542237     6.21766508781e-21    0.00563167776656     0.00245219735923     0.0643615350519     26.2464743343    2.51228836651e-50               
4791.63158953      4.0                     0.90337669778      6.25886479028e-21    0.00575880218157     0.00250984419616     0.0658913415717     26.2531601255    3.16858125578e-50               
4802.64423253      4.0                     0.903236817449     6.3003948117e-21     0.00588909324311     0.00256887184668     0.0674586669442     26.2600359108    3.99868171118e-50               
4813.73685691      4.0                     0.903095956451     6.34224122527e-21    0.00602261229276     0.00262930028135     0.0690635282247     26.2668850396    5.04921430428e-50               
4824.90991089      4.0                     0.902954082362     6.38433602479e-21    0.00615956350857     0.00269121123575     0.0707084789983     26.2738495065    6.37944351996e-50               
4836.16424417      4.0                     0.902811167487     6.42663468364e-21    0.00629969801669     0.00275448805249     0.0723906960203     26.2809983709    8.06481566652e-50               
4847.50019636      4.0                     0.902667193723     6.4690720253e-21     0.00644329664349     0.00281924469647     0.0741126762207     26.2881318225    1.02012805585e-49               
4858.91847161      4.0                     0.902522185421     6.51154648657e-21    0.00659030741258     0.00288544881911     0.0758739273664     26.2953641263    1.29110843507e-49               
4870.41974538      4.0                     0.902376118869     6.55399960096e-21    0.00674062107696     0.00295304230233     0.0776729393339     26.3026842767    1.63499855182e-49               
4882.0044495       4.0                     0.902228986242     6.59626173452e-21    0.00689429801631     0.00302204020343     0.0795101980839     26.3101059985    2.07164468017e-49               
4893.67327837      4.0                     0.90208080194      6.63827112128e-21    0.0070513169056      0.00309242137296     0.0813851476691     26.3176125934    2.62636635118e-49               
4905.42683575      4.0                     0.901931535666     6.67978955656e-21    0.00721153146137     0.00316410828115     0.0832954946886     26.3251087786    3.33146693859e-49               
4917.26573544      4.0                     0.901765230677     6.72073639115e-21    0.00737339090926     0.00323700727025     0.0852395168348     26.332815999     4.22818449046e-49               
4929.19066142      4.0                     0.901596874519     6.76080540344e-21    0.00753755465342     0.00331104411062     0.0872145916311     26.3405103397    5.36919491652e-49               
4941.20212729      4.0                     0.901427296544     6.79987965798e-21    0.007703965724       0.00338617085364     0.0892202561937     26.3484212847    6.82178911858e-49               
4953.30075767      4.0                     0.901256488221     6.83759073503e-21    0.00787231656299     0.00346225568041     0.0912522924334     26.3563124323    8.67199976177e-49               
4965.48733635      4.0                     0.901084448578     6.87377249269e-21    0.00804230201873     0.00353916687045     0.0933076793806     26.3643062891    1.10298940818e-48               
4977.76245658      4.0                     0.900911141509     6.90800270444e-21    0.00821328290187     0.00361662525424     0.0953791298453     26.3724116104    1.40362826745e-48               
4990.12664327      4.0                     0.90073661438      6.94005924726e-21    0.00838508735243     0.00369455770072     0.0974651852222     26.380745171     1.7871396019e-48                
5002.58060082      4.0                     0.900560770868     6.96947678629e-21    0.00855715777528     0.00377271989227     0.0995584606211     26.3890411862    2.27661116103e-48               
5015.12502266      4.0                     0.900383699036     6.99598610098e-21    0.00872898786851     0.00385089005016     0.101653191927      26.3973238922    2.90162636721e-48               
5027.76052386      4.0                     0.900205300339     7.01909286212e-21    0.00889975207764     0.00392870452029     0.103740781007      26.4058496819    3.70010356294e-48               
5040.48779765      4.0                     0.9000256309       7.03850078268e-21    0.00906903107706     0.00400597875618     0.105815813197      26.4144718775    4.72067544227e-48               
5053.30745939      4.0                     0.899844651723     7.05371528054e-21    0.00923597493885     0.00408233673686     0.107867913618      26.4230808409    6.02573015051e-48               
5066.22022509      4.0                     0.89966233169      7.06444356435e-21    0.00939999531661     0.00415751776107     0.109891215518      26.4319292985    7.69535506086e-48               
5079.2268533       4.0                     0.899478725702     7.07023603177e-21    0.0095601275112      0.00423109328983     0.111873308787      26.4407568266    9.83240021176e-48               
5092.32780581      4.0                     0.899293791137     7.07083635798e-21    0.00971599406114     0.00430289413187     0.113810855655      26.4498386823    1.25689298269e-47               
5105.52396446      4.0                     0.899107471461     7.06590904163e-21    0.00986665359197     0.00437250056524     0.115691490521      26.4588852064    1.60747512966e-47               
5118.81600984      4.0                     0.898919819677     7.055269691e-21      0.0100114964372      0.00443963862924     0.117508550923      26.4680440765    2.05681417314e-47               
5132.20449409      4.0                     0.898730794686     7.03877656805e-21    0.0101500887812      0.00450411203725     0.119256849945      26.4773275973    2.63297796389e-47               
5145.6902861       4.0                     0.898540430781     7.01636019772e-21    0.0102817239443      0.00456560219503     0.120927827243      26.4867200594    3.37209490253e-47               
5159.2740024       4.0                     0.898348632396     6.98813874375e-21    0.010406419311       0.0046241118939      0.12252158178       26.4962407034    4.32065597149e-47               
5172.9563477       4.0                     0.898155513331     6.95422856095e-21    0.0105237577889      0.00467945052339     0.124032832345      26.5058539941    5.53852992102e-47               
5186.73803936      4.0                     0.897960946169     6.91501346696e-21    0.0106341647073      0.00473180139886     0.125465913255      26.5154647625    7.10283736998e-47               
5200.61986986      4.0                     0.897764966553     6.8709206048e-21     0.0107377000941      0.00478118656538     0.126822678845      26.5253566475    9.11296978722e-47               
5214.60254394      4.0                     0.897539393566     6.82251116355e-21    0.0108348965705      0.00482765646615     0.12810352154       26.5353432743    1.16970429053e-46               
5228.68676641      4.0                     0.897280482742     6.77067774966e-21    0.0109271119178      0.00487178170361     0.129322917624      26.5453022102    1.50202676121e-46               
5242.87324205      4.0                     0.897019699404     6.71605350182e-21    0.0110148269059      0.00491397452919     0.130492481246      26.5553841337    1.92957640419e-46               
5257.16270233      4.0                     0.89675700606      6.65997251983e-21    0.0111001074385      0.00495515431178     0.131636767109      26.5656241614    2.47985590188e-46               
5271.55601281      4.0                     0.896492426851     6.60318798058e-21    0.0111839428346      0.00499576194225     0.132768035078      26.5761332532    3.18837547419e-46               
5286.05381858      4.0                     0.896225900252     6.54723017074e-21    0.0112691716237      0.00503706686281     0.133918441842      26.5865920563    4.100980226e-46                 
5300.65698446      4.0                     0.895957450497     6.49313517827e-21    0.0113574458333      0.00507980987434     0.135107885375      26.5970358572    5.27690587024e-46               
5315.36615639      4.0                     0.895687067235     6.44225626455e-21    0.0114512639102      0.00512511341622     0.136367935509      26.6077888301    6.79267798127e-46               
5330.1822124       4.0                     0.895414658733     6.39600242575e-21    0.0115534443189      0.00517424596348     0.137731598938      26.6186802696    8.74723793669e-46               
5345.10587159      4.0                     0.895140343727     6.35535956815e-21    0.0116662282062      0.00522822083191     0.139225882843      26.6296867174    1.12684989616e-45               
5360.13792521      4.0                     0.894864019379     6.32174285822e-21    0.0117927426528      0.00528845207008     0.140887997097      26.6406871482    1.45219143993e-45               
5375.2791071       4.0                     0.894585655762     6.29596571828e-21    0.0119351427009      0.00535592068461     0.142745935454      26.6519883059    1.87215297165e-45               
5390.53030884      4.0                     0.894305282216     6.27901585168e-21    0.0120961687507      0.00543187373903     0.144831469867      26.6632614868    2.41444055529e-45               
5405.89232135      4.0                     0.894022892303     6.2715602478e-21     0.0122776794345      0.00551716536867     0.147168572291      26.6746712227    3.11491860166e-45               
5421.36586451      4.0                     0.893738450404     6.27404269552e-21    0.0124816220094      0.00561269264343     0.149781805124      26.6862653345    4.02002352836e-45               
5436.95175897      4.0                     0.893451917978     6.28672943823e-21    0.0127095722821      0.0057191881508      0.152691889248      26.6981755491    5.18990698715e-45               
5452.65089585      4.0                     0.893163332503     6.30958855283e-21    0.0129624934647      0.00583711096745     0.155909312798      26.7100135097    6.70250980173e-45               
5468.46408086      4.0                     0.892872651783     6.34246024335e-21    0.0132412688111      0.00596688478895     0.159446239198      26.7218565194    8.65883355754e-45               
5484.39213512      4.0                     0.89257981874      6.38472752428e-21    0.0135455470475      0.00610837994196     0.163301758448      26.7340538734    1.1189806474e-44                
5500.43593387      4.0                     0.892284889848     6.43585214892e-21    0.0138751439177      0.00626154050455     0.167473458911      26.7463667749    1.44652028237e-44               
5516.5962137       4.0                     0.892015372315     6.49490585034e-21    0.0142297112331      0.00642624725166     0.171957917782      26.7586837306    1.87051737253e-44               
5532.87388097      4.0                     0.891775153135     6.5606906896e-21     0.0146075248842      0.00660175034518     0.176737614825      26.7713266307    2.41953468568e-44               
5549.26981013      4.0                     0.891533207301     6.63225588133e-21    0.0150068619037      0.00678728637381     0.181790431258      26.7839636117    3.13063317478e-44               
5565.78477096      4.0                     0.891289477839     6.70817260328e-21    0.0154253735331      0.00698181700294     0.187091340846      26.7969413646    4.05190548533e-44               
5582.41978972      4.0                     0.891043963639     6.78700139865e-21    0.0158602545056      0.00718409499858     0.19260466523       26.8098717053    5.24579690835e-44               
5599.17555324      4.0                     0.890796696526     6.86757803226e-21    0.0163094074661      0.00739318937834     0.198307336159      26.8229753102    6.79335925206e-44               
5616.05310293      4.0                     0.89054763922      6.94837880165e-21    0.0167694576656      0.00760758747212     0.20415908452       26.8362454285    8.7998822648e-44                
5633.05321102      4.0                     0.890296736093     7.02800737067e-21    0.0172372860109      0.00782588783058     0.210122644743      26.8496877661    1.14020956809e-43               
5650.17690092      4.0                     0.890044071779     7.10536162271e-21    0.0177099819613      0.00804678013925     0.216162962607      26.8632867887    1.47776718482e-43               
5667.42486253      4.0                     0.889789532461     7.17916010217e-21    0.0181846360333      0.00826894954977     0.222244755495      26.877023999     1.91574015176e-43               
5684.79816932      4.0                     0.889533145557     7.24830931126e-21    0.0186581235039      0.00849097963382     0.228328892119      26.8907596021    2.48413172233e-43               
5702.29771062      4.0                     0.889274887149     7.31200881156e-21    0.0191276819957      0.00871161454958     0.234384524771      26.9048318698    3.22193665756e-43               
5719.92432744      4.0                     0.889014772947     7.36947563582e-21    0.0195911400674      0.00892986346212     0.24038217481       26.9189082039    4.17984613606e-43               
5737.67900946      4.0                     0.88875276051      7.42016314031e-21    0.0200461055017      0.00914463172048     0.246295408546      26.9333326999    5.42377888969e-43               
5755.56268118      4.0                     0.888488843559     7.46380334884e-21    0.0204915631534      0.00935545010384     0.252108013039      26.9477160629    7.03945486492e-43               
5773.57631409      4.0                     0.888222991519     7.50029786586e-21    0.0209260685537      0.00956165196993     0.257803800946      26.9622657002    9.13836879628e-43               
5791.72075054      4.0                     0.887955240928     7.5298445738e-21     0.0213495683955      0.00976320472885     0.263381932207      26.9769957224    1.18655342513e-42               
5809.99699793      4.0                     0.887685529387     7.55297623943e-21    0.021762848947       0.00996045950029     0.268851839462      26.9919113124    1.54096305711e-42               
5828.40604533      4.0                     0.887497406833     7.57037886032e-21    0.0221695598754      0.0101548661154      0.274252526416      27.0070056365    2.00161544592e-42               
5846.94881813      4.0                     0.887312774561     7.58307628379e-21    0.0225716454618      0.0103467431681      0.279592133877      27.0222358219    2.60045458435e-42               
5865.62630513      4.0                     0.887126790652     7.59244618888e-21    0.0229727640702      0.0105376962956      0.284912642245      27.037469505     3.37905437804e-42               
5884.43945097      4.0                     0.886939464371     7.60011522682e-21    0.0233774271751      0.010729734365       0.290272339317      27.0530778714    4.39152246404e-42               
5903.38932579      4.0                     0.886750772666     7.60775363035e-21    0.0238094849277      0.010933757889       0.295974240939      27.0697635657    5.70829625616e-42               
5922.49242679      4.0                     0.886560564521     7.61739493622e-21    0.0243372324988      0.0111811294433      0.30291319723       27.0914668116    7.42264259553e-42               
5941.816523        4.0                     0.886368135778     7.6313283884e-21     0.0248951457072      0.0114416943079      0.31022342518       27.11341667      9.66408998832e-42               
5961.36521252      4.0                     0.886173486603     7.65195051462e-21    0.0254911011403      0.011718995958       0.318004253219      27.1357934042    1.25984195143e-41               
5981.14111855      4.0                     0.885976575805     7.68160381655e-21    0.0261351848536      0.0120175858463      0.326380169538      27.1585469589    1.64444755788e-41               
6001.14686453      4.0                     0.885777371642     7.72275385973e-21    0.0268077819729      0.0123283340801      0.335081938094      27.179822993     2.14915994279e-41               
6021.38511385      4.0                     0.885575860391     7.77786148349e-21    0.0274189896269      0.0126097298821      0.342914808888      27.1944611101    2.81227650266e-41               
6041.85863162      4.0                     0.885371990858     7.84920563683e-21    0.0280827038897      0.0129140839264      0.351364562095      27.207858033     3.6845460144e-41                
6062.57004224      4.0                     0.885165774461     7.93876543694e-21    0.0288299969367      0.0132555658043      0.360834835227      27.2213831196    4.83327658045e-41               
6083.52229128      4.0                     0.884957138134     8.04810703731e-21    0.0296699919092      0.0136382121944      0.371435189616      27.2348885851    6.34786307927e-41               
6104.71804435      4.0                     0.884746079823     8.17833689139e-21    0.0306106343744      0.014065483733       0.383267325775      27.2487838349    8.34711399772e-41               
6126.16014831      4.0                     0.884532581679     8.32995662668e-21    0.0316587740594      0.0145403011012      0.396406474791      27.2626042634    1.09891325784e-40               
6147.85150934      4.0                     0.884316592187     8.50272631902e-21    0.0328177959395      0.015063950633       0.410893572272      27.2766143678    1.44845218961e-40               
6169.79499616      4.0                     0.884258934731     8.69560940114e-21    0.0338647938829      0.0156395549554      0.426816592061      27.2908400065    1.91140843902e-40               
6191.99359458      4.0                     0.88410075204      8.90676648404e-21    0.0351420392724      0.0162610450937      0.444010687814      27.3051753596    2.52526324236e-40               
6214.45019591      4.0                     0.883940742118     9.13360257115e-21    0.0365122675565      0.0169274604503      0.462448704383      27.3194378885    3.34008917637e-40               
6237.16790803      4.0                     0.883778857944     9.37289371561e-21    0.0379652739605      0.0176341962921      0.482011267582      27.3338948709    4.42285811368e-40               
6260.14973822      4.0                     0.883615097187     9.62098411331e-21    0.039489009595       0.018375737979       0.502549708805      27.3485456409    5.86321654702e-40               
6283.39868083      4.0                     0.883449444281     9.87396554363e-21    0.0410697426607      0.0191457238309      0.523891923108      27.3633907882    7.78127779938e-40               
6306.91794473      4.0                     0.883281868153     1.01279481514e-20    0.042693246917       0.0199374965959      0.545855788899      27.3783514532    1.03381510803e-39               
6330.71066044      4.0                     0.883112337623     1.03793460427e-20    0.0443446600897      0.020744036239       0.568244932701      27.3931710374    1.37501039679e-39               
6354.77998122      4.0                     0.882940809001     1.06251107097e-20    0.0460063247699      0.0215569460057      0.590831764019      27.4079530497    1.83077192809e-39               
6379.12913886      4.0                     0.882767322515     1.08629003556e-20    0.0476659977691      0.0223703028244      0.61345258538       27.4226321474    2.44017946251e-39               
6403.76138828      4.0                     0.882591784027     1.10911580982e-20    0.049323718468       0.0231839176714      0.636106241533      27.437392185     3.25583560903e-39               
6428.68003951      4.0                     0.882414233716     1.13090990037e-20    0.050976024887       0.0239959386514      0.658737236787      27.4520303772    4.34860779698e-39               
6453.88839489      4.0                     0.882234617655     1.15166076027e-20    0.0526213940571      0.0248054046806      0.681326162556      27.4668432678    5.81404823954e-39               
6479.38991928      4.0                     0.882052889973     1.17140788643e-20    0.0542603840166      0.0256123259476      0.703873102799      27.4818110717    7.78111251237e-39               
6505.1879167       4.0                     0.881869080248     1.19022372703e-20    0.05589683834        0.026418254646       0.726419374023      27.4968722861    1.04239514922e-38               
6531.2858991       4.0                     0.881673917228     1.20819460025e-20    0.0575412234129      0.0272242002191      0.748989416562      27.5118978899    1.39779784008e-38               
6557.68734977      4.0                     0.881469935263     1.22541257141e-20    0.0591913195307      0.0280316023518      0.771634484793      27.5273056142    1.87616430771e-38               
6584.39583316      4.0                     0.881263612604     1.24191751828e-20    0.0608433245124      0.0288417169385      0.794375570749      27.542589522     2.52060740373e-38               
6611.41480644      4.0                     0.881054851511     1.25805701954e-20    0.0625134203195      0.0296622718152      0.817431696598      27.5579598788    3.38953306995e-38               
6638.74805967      4.0                     0.880843632129     1.2725545957e-20     0.0641378243986      0.0304629537531      0.83996414647       27.5732994666    4.56214046394e-38               
6666.39920605      4.0                     0.880630017891     1.34398236991e-20    0.0686941075299      0.0326633034799      0.901171567242      27.5897252033    6.14588126109e-38               
6694.37183315      4.0                     0.880413888464     1.58069778156e-20    0.0818795976627      0.0389902128721      1.07643435448       27.607809119     8.28664298738e-38               
6722.66973087      4.0                     0.880195253459     1.78379442553e-20    0.0936058572092      0.0446375663738      1.23309682673       27.6246428044    1.11826543806e-37               
6751.29678973      4.0                     0.879974068822     1.92148657235e-20    0.102164662826       0.0487825171238      1.34837698562       27.6405783285    1.51034442796e-37               
6780.25677542      4.0                     0.879750329825     2.08530055937e-20    0.112331352312       0.0537109672391      1.4854996725        27.65728768      2.04156893405e-37               
6809.553555        4.0                     0.879523969462     2.28855220265e-20    0.124887761968       0.0598034662452      1.65502959286       27.6744760258    2.7618580565e-37                
6839.19107083      4.0                     0.879294983291     2.47885413052e-20    0.137039924633       0.0657196305334      1.8198885254        27.6917035386    3.73921341361e-37               
6869.17329187      4.0                     0.879063310417     2.561980885e-20      0.143527980731       0.0689178338073      1.90953808615       27.707459458     5.06632328005e-37               
6899.50423544      4.0                     0.878828986267     2.59681517193e-20    0.147444298941       0.0708810142149      1.96499726201       27.7224766572    6.86959859096e-37               
6930.18792502      4.0                     0.878526159841     2.68561345979e-20    0.154538613997       0.0743747898688      2.06305952277       27.7386938022    9.32153515587e-37               
6961.22855295      4.0                     0.878118774926     2.78986257358e-20    0.162718724449       0.0783813480717      2.17547459408       27.7550035513    1.26576585511e-36               
6992.63021838      4.0                     0.877706629038     2.84264394012e-20    0.168076575681       0.0810255948316      2.25012884927       27.7705934025    1.71996931878e-36               
7024.3971408       4.0                     0.877289727626     3.0391879512e-20     0.181989721834       0.0878318719939      2.44059260856       27.7870954262    2.33873584275e-36               
7056.53354942      4.0                     0.876867963329     3.39276245533e-20    0.205302660575       0.0992326538149      2.75893970786       27.802740346     3.18219140195e-36               
7089.04381004      4.0                     0.87644128362      3.70388540866e-20    0.226375120491       0.10957374141        3.04798721677       27.8167668415    4.33259269128e-36               
7121.93218195      4.0                     0.876009645878     3.9020695727e-20     0.240951051809       0.116765476548       3.24941830815       27.8285877317    5.90251256568e-36               
7155.20318781      4.0                     0.875573024812     4.24815069477e-20    0.264900072126       0.128569638809       3.57973046898       27.8427356733    8.04609794249e-36               
7188.86124947      4.0                     0.875131295416     4.82547472276e-20    0.30362383366        0.147678506458       4.11448452925       27.8610925039    1.09744859449e-35               
7222.91080303      4.0                     0.874684402365     5.37083507889e-20    0.34101152486        0.166208483091       4.63368912713       27.8787763474    1.49769871018e-35               
7257.35647243      4.0                     0.874232334302     5.79458940152e-20    0.371378285549       0.181336105722       5.05826339966       27.8944084496    2.04501975165e-35               
7292.20283923      4.0                     0.873774976722     6.0620908192e-20     0.392346565717       0.191850333494       5.35401843293       27.9072667503    2.79379330607e-35               
7327.45461604      4.0                     0.873294551589     6.20472775025e-20    0.405677565023       0.198584195759       5.54410745886       27.918170616     3.81861535193e-35               
7363.11656961      4.0                     0.872728076944     6.30667418001e-20    0.416784537571       0.204170595906       5.70222410546       27.9287234293    5.22183948062e-35               
7399.19337312      4.0                     0.87215498186      6.15078539032e-20    0.411543579919       0.201622341714       5.63266266827       27.9366989808    7.1439356809e-35                
7435.68992376      4.0                     0.871575263711     5.74995655578e-20    0.389986970888       0.190958574527       5.33557405357       27.9410027373    9.77775158728e-35               
7472.61106886      4.0                     0.870988763966     5.44122913501e-20    0.373991157047       0.183068022495       5.11614833388       27.9467067167    1.33880854479e-34               
7509.96180632      4.0                     0.870395489931     5.48344413004e-20    0.381492683661       0.186852141098       5.2242141269        27.9590808871    1.8338627038e-34                
7547.74708663      4.0                     0.869795272757     5.86788744439e-20    0.412742872748       0.202466608054       5.66455401531       27.9777197325    2.51289554705e-34               
7585.97203962      4.0                     0.869188120531     6.21462435487e-20    0.441993487699       0.217128773344       6.07867511333       27.995714339     3.44454707609e-34               
7624.64175712      4.0                     0.868573862824     6.41982858073e-20    0.46187214468        0.227139742748       6.36240921071       28.0109906516    4.72313401983e-34               
7663.76143257      4.0                     0.867952452196     6.59978524401e-20    0.480336056017       0.236462745397       6.6271255504        28.0260873199    6.4782746592e-34                
7703.3363291       4.0                     0.867323814505     6.97749688222e-20    0.513489649913       0.253186795797       7.10076761017       28.0455684421    8.88811892106e-34               
7743.37171024      4.0                     0.866747833618     7.47126681469e-20    0.556150788474       0.274757336487       7.71224683016       28.0693026391    1.21975323948e-33               
7783.8729372       4.0                     0.866223758468     7.71968211834e-20    0.582098764266       0.287922791043       8.08756994101       28.0893704583    1.6743105817e-33                
7824.84855365      4.0                     0.865693515653     7.81539497279e-20    0.597542236662       0.295757961312       8.31301995749       28.107510346     2.29880779276e-33               
7866.31869196      4.0                     0.86515686515      7.78788555242e-20    0.60432192169        0.299171078611       8.41384057734       28.1238434424    3.15725870509e-33               
7908.30641954      4.0                     0.864613526149     7.53359443931e-20    0.593897589127       0.293830391545       8.26699995815       28.1352787052    4.33814473267e-33               
7950.81815064      4.0                     0.864063404081     7.1254648595e-20     0.571103677727       0.282202691218       7.94208469239       28.1431926042    5.96311466531e-33               
7993.86043508      4.0                     0.863506432895     6.29424283247e-20    0.513846688629       0.253216739294       7.12596649205       28.1417670566    8.19986206427e-33               
8037.43995791      4.0                     0.862942506547     5.59584816259e-20    0.465171961262       0.228639397261       6.43446138185       28.1424000366    1.12795897438e-32               
8081.56343901      4.0                     0.862371525401     5.37341044241e-20    0.45396517992        0.222839200578       6.2735258088        28.152702902     1.55210935444e-32               
8126.23766561      4.0                     0.861793426913     5.25527488707e-20    0.451021544425       0.221135802052       6.2281706405        28.1644608549    2.13639894412e-32               
8171.46946032      4.0                     0.861208098886     5.2096428358e-20     0.454139835077       0.222416264445       6.26723584207       28.1779565793    2.9414534552e-32                
8217.26581784      4.0                     0.860909848913     5.31561104971e-20    0.467721523448       0.230300412559       6.49336204573       28.1951819954    4.05088550854e-32               
8263.63389612      4.0                     0.860459384501     5.62202959958e-20    0.500369779371       0.247096164554       6.97241834299       28.2174284476    5.58001369333e-32               
8310.58075229      4.0                     0.860003299736     6.155101396e-20      0.553620657146       0.27437901972        7.74994033215       28.2453823913    7.68787288302e-32               
8358.11359414      4.0                     0.859541505992     6.67809591691e-20    0.607094898861       0.301933538676       8.53663620846       28.2732294196    1.05937867542e-31               
8406.23984016      4.0                     0.859073948475     7.18368927391e-20    0.660348219136       0.329524381992       9.32612554343       28.3017769036    1.46002113125e-31               
8454.96680377      4.0                     0.858600559983     7.50934244766e-20    0.69896392465        0.349732709776       9.90709509859       28.3276194124    2.0124175949e-31                
8504.30211329      4.0                     0.858121259353     7.86523184767e-20    0.741271944934       0.371905916455       10.5453453663       28.3548739068    2.77406664059e-31               
8554.25330595      4.0                     0.857636001085     8.28478705976e-20    0.79046361905        0.39771138351        11.2886192232       28.3839479866    3.82422734451e-31               
8604.82809574      4.0                     0.857144659777     8.67765333239e-20    0.838352885049       0.422927270183       12.0164743859       28.412626078     5.27214028232e-31               
8656.03431333      4.0                     0.856638531844     9.24130451484e-20    0.903272312616       0.457187644388       13.0053074044       28.4463230012    7.26833769293e-31               
8707.87977678      4.0                     0.856118222935     9.98039756295e-20    0.986063268133       0.501091352754       14.2739028747       28.4856300079    1.00201965842e-30               
8760.37253269      4.0                     0.855591439798     1.07714502317e-19    1.0754353457         0.548770831151       15.6545835271       28.5266319535    1.38133447106e-30               
8813.52069118      4.0                     0.855058099616     1.13751227816e-19    1.14856655997        0.588100916149       16.7977072894       28.5626273113    1.90410660874e-30               
8867.33244068      4.0                     0.854518052374     1.16920679936e-19    1.19554457118        0.613604686335       17.5433756055       28.5906806062    2.62447078293e-30               
8921.81605573      4.0                     0.853971288716     1.1776330671e-19     1.22081275576        0.627491628487       17.9540127747       28.6123542683    3.61691677783e-30               
8976.97990729      4.0                     0.853417717096     1.17061489561e-19    1.23131044886        0.633402378265       18.134103088        28.6296731908    4.98390531955e-30               
9032.83257414      4.0                     0.852857208693     1.15283693331e-19    1.23113352614        0.633505103387       18.1460244701       28.6438489178    6.86631943517e-30               
9089.3826544       4.0                     0.852289717588     1.1338801741e-19     1.22978091255        0.632897542098       18.1374890576       28.6578598448    9.45778460601e-30               
9146.63886908      4.0                     0.851690414978     1.03215633907e-19    1.1413101589         0.585833674476       16.781959107        28.6462862041    1.30242977551e-29               
9204.6100212       4.0                     0.851010804846     8.46686876663e-20    0.957184356673       0.489117993583       13.992213           28.607029763     1.79310998613e-29               
9263.30503547      4.0                     0.850322733848     6.78283444882e-20    0.78361742696        0.398759384912       11.3931219091       28.5714201101    2.46794533489e-29               
9322.73300256      4.0                     0.849626029766     6.00342628105e-20    0.705640618729       0.358821906449       10.2494266815       28.5641051933    3.39569409575e-29               
9382.90312849      4.0                     0.848920660392     5.89742393617e-20    0.702847402823       0.358099381742       10.2339106373       28.5784091208    4.67061903875e-29               
9443.82460895      4.0                     0.848206482733     6.20548953263e-20    0.748522202199       0.382745104479       10.9495177326       28.6078583487    6.42186803278e-29               
9505.50687743      4.0                     0.847483374232     6.96194820196e-20    0.848292623703       0.436116497197       12.4966395278       28.6543609519    8.82628297794e-29               
9567.9594533       4.0                     0.846751241484     8.65603063684e-20    1.06008642932        0.550083010981       15.8063539765       28.7344885427    1.21258532604e-28               
9631.19197388      4.0                     0.846009949227     1.12621370582e-19    1.37967243825        0.725202008086       20.9214384058       28.8491181389    1.66514955189e-28               
9695.21420694      4.0                     0.845288199741     1.36581418493e-19    1.67390562564        0.890678947207       25.7910242977       28.9565891038    2.28554197251e-28               
9759.98036477      4.0                     0.844559921918     1.48384548661e-19    1.82838947669        0.979885116861       28.4330931785       29.0167619543    3.1346686402e-28                
9825.36641553      4.0                     0.843824663281     1.47702524922e-19    1.84096610976        0.988705496232       28.7022886005       29.0301699645    4.29315007206e-28               
9891.30151656      4.0                     0.843083243055     1.37246628785e-19    1.7399775353         0.932625516917       27.0534311379       29.0078178725    5.86924307218e-28               
9957.79023206      4.0                     0.842335571573     1.25318558973e-19    1.61780153836        0.864665913509       25.0570050725       28.9788283325    8.00958768821e-28               
10024.836968       4.0                     0.841581644242     1.26222175118e-19    1.64787522499        0.882824706557       25.6004242306       28.9983096762    1.09108947937e-27               
10092.4468933      4.0                     0.840821406039     1.37929098613e-19    1.81101216467        0.976956728007       28.3919171573       29.0615913104    1.48365976127e-27               
10160.6245775      4.0                     0.840054746263     1.4754393835e-19     1.9527152277         1.05975862873        30.8622594207       29.1219704033    2.01387434009e-27               
10229.3742174      4.0                     0.839554129921     1.45885155969e-19    1.95707756803        1.06523724802        31.0420215239       29.1409463774    2.72868972097e-27               
10298.7014204      4.0                     0.838981279453     1.36033615267e-19    1.85918016828        1.01087936127        29.4435684813       29.1266887123    3.6906426493e-27                
10368.6107771      4.0                     0.838403586204     1.26389749964e-19    1.75990380932        0.955857746379       27.8272068057       29.1122888433    4.98283162142e-27               
10439.1072769      4.0                     0.837821069077     1.17810584895e-19    1.67068969412        0.906751031055       26.387630668        29.1012965679    6.71549218446e-27               
10510.1955662      4.0                     0.837233661348     1.0651490804e-19     1.54143422728        0.834839122909       24.2756141841       29.0781942507    9.03456597234e-27               
10581.8805919      4.0                     0.836641307482     9.43106828427e-20    1.39404347346        0.75295417871        21.8733186118       29.0499996285    1.21329238002e-26               
10654.1679937      4.0                     0.836043992272     8.24882675543e-20    1.24544245937        0.670837602484       19.4689739424       29.0218882638    1.62650155311e-26               
10727.0618166      4.0                     0.835441672801     7.38693611552e-20    1.13710775381        0.611678341762       17.7428661407       29.0068569203    2.17657479037e-26               
10800.5675732      4.0                     0.834997379929     7.52662025028e-20    1.17322810526        0.633915809933       18.4076673151       29.0380315914    2.90753287836e-26               
10874.690872       4.0                     0.83459129025      8.26557607313e-20    1.29972937066        0.707677824661       20.5929538222       29.099334619     3.87712245405e-26               
10949.4367499      4.0                     0.834181819975     8.80184517056e-20    1.3982710453         0.76634765433        22.341335236        29.1530027003    5.16094395114e-26               
11024.8097813      4.0                     0.8337689076       8.8249206534e-20     1.42139741107        0.782025742546       22.8217466864       29.1828586258    6.85778140856e-26               
11100.8155114      4.0                     0.833352502616     9.00321196003e-20    1.46900850046        0.811940555478       23.7257579529       29.2210529364    9.09650830954e-26               
11177.4600148      4.0                     0.832932634976     9.84724898528e-20    1.62119821357        0.903289712335       26.462753921        29.2959762074    1.20449468112e-25               
11254.7478463      4.0                     0.832509224798     1.04476954706e-19    1.739318907          0.975646984011       28.6474396019       29.3625051595    1.59211401334e-25               
11332.6845772      4.0                     0.832082257658     1.03597824672e-19    1.75250955452        0.986072892668       28.9848142881       29.3941903318    2.10079748043e-25               
11411.2757633      4.0                     0.831687453177     9.99950553256e-20    1.72234520419        0.97064737192        28.5483397737       29.411648967     2.76717430936e-25               
11490.5269831      4.0                     0.831296672372     9.65954030344e-20    1.69354477135        0.956009471175       28.1344056188       29.4290030246    3.63858653057e-25               
11570.4432612      4.0                     0.830902572532     8.92586806844e-20    1.59704008254        0.901012678981       26.5100950974       29.4225549938    4.77610057605e-25               
11651.0154604      4.0                     0.83050529264      7.99542465196e-20    1.4601753396         0.822231557192       24.1715643069       29.3975147213    6.25804995815e-25               
11732.1058368      4.0                     0.830105443646     7.48910894589e-20    1.39001879181        0.783007611266       23.0129465569       29.3904506493    8.18139997358e-25               
11813.5999837      4.0                     0.829703601704     7.08956640466e-20    1.33620191994        0.753385044975       22.1411559176       29.38889757      1.06679798854e-24               
11895.4999835      4.0                     0.829299727827     6.68017970057e-20    1.27854898788        0.721458301781       21.2005676702       29.3857144867    1.38744682942e-24               
11977.8083246      4.0                     0.828893902023     6.31246152842e-20    1.22648641493        0.692775053995       20.3566471041       29.3842091841    1.79988212514e-24               
12060.5264783      4.0                     0.828350389431     5.63682791987e-20    1.11512475263        0.6289436981         18.4677465398       29.3631156424    2.32904385416e-24               
12143.6565474      4.0                     0.827838476092     5.07287947785e-20    1.02114664352        0.575504044147       16.890329182        29.3487584558    3.00628501576e-24               
12227.2004567      4.0                     0.827324025487     5.16520368013e-20    1.05259227957        0.595288778851       17.4882070608       29.3776863971    3.87091887624e-24               
12311.1608793      4.0                     0.826806990539     5.33272232298e-20    1.09969608493        0.624417737393       18.3658788943       29.4128077958    4.97213291337e-24               
12395.5396197      4.0                     0.826287397378     5.30551370445e-20    1.10896991654        0.631407355701       18.5859111991       29.4356900206    6.3713005318e-24                
12480.3383579      4.0                     0.825765209909     5.40229560451e-20    1.1431550155         0.65319792297        19.2471233862       29.4659898774    8.14482538944e-24               
12565.5595575      4.0                     0.82524042213      5.76976242505e-20    1.2327865222         0.708233579308       20.8989954559       29.5086198488    1.03876237746e-23               
12651.2058059      4.0                     0.824713006947     6.359329726e-20      1.36903848621        0.79197600986        23.4136806449       29.5636235863    1.32173302504e-23               
12737.2784122      4.0                     0.824063359196     6.90256511817e-20    1.4980527718         0.872066370337       25.8279502436       29.6169547665    1.67793435696e-23               
12823.7796744      4.0                     0.823406448549     7.03997285963e-20    1.54569190862        0.903050338997       26.7682431749       29.6420277131    2.12530625749e-23               
12910.7118948      4.0                     0.82274622819      6.96623072445e-20    1.54992056364        0.907522448703       26.9094491362       29.6515520631    2.68593097558e-23               
12998.0772443      4.0                     0.82208275688      6.71313783415e-20    1.515875668          0.888460796042       26.3408817689       29.6477704883    3.38692866149e-23               
13085.8775782      4.0                     0.821415970418     5.84939073974e-20    1.34835375946        0.787652102789       23.3134020313       29.5986031761    4.26153140789e-23               
13174.1150809      4.0                     0.82074583147      5.03092010213e-20    1.18400317654        0.689418672897       20.3736330838       29.5519020367    5.35037917354e-23               
13262.7927823      4.0                     0.820072384588     4.87898763999e-20    1.16543707928        0.679647745582       20.0879125362       29.5563586678    6.70307666332e-23               
13351.9119197      4.0                     0.819395594253     5.05441057546e-20    1.22165875674        0.71526838493        21.162700293        29.5870763182    8.37999863902e-23               
13441.4748857      4.0                     0.818662546612     5.0799817229e-20     1.24440707411        0.730516119603       21.6282905618       29.6068628486    1.04545260526e-22               
13531.484515       4.0                     0.817922008664     4.70483451946e-20    1.17054114467        0.686827720745       20.32036727         29.5858286674    1.30156596537e-22               
13621.751798       4.0                     0.817179331282     4.35427536507e-20    1.09779762421        0.643873869967       19.0312320532       29.557391503     1.616372829e-22                 
13712.0876862      4.0                     0.816436122268     4.61306914522e-20    1.17041419048        0.689414972672       20.3905864405       29.5766515796    2.00149055537e-22               
13802.4496601      4.0                     0.815692648378     5.27170286379e-20    1.34019332836        0.79528065695        23.5641601394       29.6299928       2.47105981511e-22               
13892.8381941      4.0                     0.814948982545     5.65323459104e-20    1.44354264393        0.861106757161       25.5400390646       29.6595501687    3.04197881767e-22               
13983.2528448      4.0                     0.814205078339     5.69113553679e-20    1.46430773861        0.875767016405       25.9743688968       29.658994242     3.73418876751e-22               
14073.6934859      4.0                     0.813461006305     5.6372092346e-20     1.46275820788        0.87649691033        25.9884075656       29.6503128069    4.57116774116e-22               
14164.1605222      4.0                     0.812692953043     5.47812443857e-20    1.43538013067        0.860852851505       25.5096597368       29.6330083501    5.58049108744e-22               
14254.6546068      4.0                     0.811927158996     5.17149212415e-20    1.37238344591        0.822877646692       24.364452091        29.6088394052    6.79446465718e-22               
14345.1742299      4.0                     0.811161172265     4.84509480623e-20    1.30360716053        0.781307495259       23.1159309314       29.5862142263    8.2508032135e-22                
14435.7202065      4.0                     0.810394942417     4.73186841813e-20    1.28772832272        0.772762572958       22.8600371199       29.5822260547    9.99350014899e-22               
14526.2930261      4.0                     0.809628489294     4.88335250911e-20    1.33962238434        0.806651923302       23.8773409779       29.600550483     1.20737119917e-21               
14616.8923403      4.0                     0.808861803292     5.0386343007e-20     1.39141929462        0.840701510233       24.8967072496       29.614205454     1.45507674374e-21               
14707.5181679      4.0                     0.808094919862     5.09400666686e-20    1.41673589303        0.858198852043       25.4171592729       29.616864684     1.74933438306e-21               
14798.1705273      4.0                     0.807327785233     5.15541098173e-20    1.44382058578        0.876899486057       25.9741942948       29.6204920949    2.09807530932e-21               
14888.8487825      4.0                     0.806545355977     5.11092125547e-20    1.44292086217        0.877837887604       25.9966743654       29.6144364837    2.5104354369e-21                
14979.553911       4.0                     0.80571199357      4.74786528646e-20    1.35614788164        0.824095329467       24.3743484385       29.5770981426    2.99692692407e-21               
15070.2859736      4.0                     0.804878419847     3.93097847826e-20    1.14216345489        0.690470081766       20.3656253921       29.4953046192    3.56960766742e-21               
15161.0439751      4.0                     0.804044592511     2.9417721887e-20     0.871597748643       0.52320493075        15.379872096        29.3955029704    4.242275616e-21                 
15251.8289199      4.0                     0.803210505968     2.27450693221e-20    0.684808290734       0.40926465678        12.0026363067       29.3273218391    5.03071150143e-21               
15342.64084        4.0                     0.802376188993     2.16232999862e-20    0.65709409403        0.392969423444       11.5198870288       29.3149704316    5.95290472921e-21               
15433.4794124      4.0                     0.801541639221     2.57497234994e-20    0.783644536939       0.47129823689        13.8336591861       29.3522404781    7.02932492412e-21               
15524.2392486      4.0                     0.800707802347     3.27931299056e-20    0.994780840331       0.603254951156       17.7457357826       29.4166434086    8.28165973712e-21               
15614.822903       4.0                     0.799875566953     3.88050530175e-20    1.17360319952        0.716830232824       21.1236208213       29.468094193     9.73383609303e-21               
15705.2090115      4.0                     0.798987632287     4.21892722279e-20    1.27561466212        0.782756654592       23.0856038724       29.4926957656    1.14134903046e-20               
15795.3979416      4.0                     0.797997952256     4.32316469848e-20    1.31051462592        0.806059285693       23.7739428733       29.4940375916    1.33518729923e-20               
15885.3904213      4.0                     0.797010406491     4.28218420146e-20    1.30378886006        0.80274654147        23.6666641205       29.4821128437    1.55839068164e-20               
15975.1868105      4.0                     0.796025038871     4.11872228212e-20    1.26200593854        0.776955364459       22.8902930807       29.4615291016    1.81485210062e-20               
16064.787841       4.0                     0.795041815785     3.89181503111e-20    1.20121705398        0.739018520524       21.7542098229       29.4366233304    2.10890452876e-20               
16154.1931694      4.0                     0.7940607093       3.66242492489e-20    1.13867284322        0.70000579326        20.5891325842       29.412803126     2.44535613935e-20               
16243.4039183      4.0                     0.793081774898     3.47620501959e-20    1.08762601973        0.668345426876       19.6455606471       29.3943219436    2.82954183598e-20               
16332.420041       4.0                     0.792104952984     3.3480637363e-20     1.05236099454        0.646716763721       19.0009654792       29.380660198     3.26735914336e-20               
16421.2419707      4.0                     0.791130252806     3.2256949969e-20     1.01806910046        0.625693888355       18.3757978677       29.3686708624    3.76532269762e-20               
16509.8707532      4.0                     0.790157692301     3.0893793857e-20     0.979114790078       0.601705108353       17.6650442453       29.3583085801    4.33061802071e-20               
16598.3067234      4.0                     0.788843276243     2.95302572603e-20    0.939769373072       0.577219754103       16.942187933        29.3513654246    4.97114845247e-20               
16686.549915       4.0                     0.787622590826     2.787464791e-20      0.891130567919       0.546949144619       16.0504134683       29.3453488797    5.69559318766e-20               
16774.6010756      4.0                     0.786404630602     2.63030262322e-20    0.844540452874       0.518003687684       15.2006582777       29.3446912427    6.51347615726e-20               
16862.4605303      4.0                     0.785189276062     2.50446785616e-20    0.807159791718       0.494876694634       14.5255676027       29.3518926235    7.43522131426e-20               
16950.1290308      4.0                     0.783976572362     2.40794212583e-20    0.778374801852       0.477156990199       14.0123548296       29.3663408844    8.47222796556e-20               
17037.606173       4.0                     0.782766525118     2.31559678638e-20    0.750406070406       0.459947621204       13.516131234        29.3862401084    9.63692223821e-20               
17124.8931527      4.0                     0.781559128475     2.2182388113e-20     0.720511703068       0.441529838855       12.986054591        29.4114994009    1.0942865309e-19                
17211.9905647      4.0                     0.780354304409     2.1379021981e-20     0.695687250288       0.426286510073       12.5520908679       29.4451984084    1.24048056667e-19               
17298.898438       4.0                     0.779152160916     2.08860956405e-20    0.68026909661        0.416923144481       12.2947247613       29.4891874536    1.40387559368e-19               
17385.5962813      4.0                     0.777947557693     2.05081389771e-20    0.667813649515       0.40940068303        12.0936062136       29.5397802566    1.5861627987e-19                
17472.0168526      4.0                     0.776464485753     2.01020198534e-20    0.654082540925       0.400953793526       11.86731473         29.5977115607    1.78904064261e-19               
17558.1396451      4.0                     0.774986541894     1.969253442e-20      0.640039913835       0.39230647125        11.6379371766       29.6654223917    2.01441077802e-19               
17643.9652366      4.0                     0.773513687879     1.93511594817e-20    0.627897755261       0.384841181639       11.4466696186       29.7438792021    2.2643622114e-19                
17729.4944088      4.0                     0.772045898849     1.90273580828e-20    0.616065317251       0.377563301965       11.2641456903       29.8337937814    2.54113762487e-19               
17814.7289547      4.0                     0.77058319782      1.85381783106e-20    0.598807152019       0.366894945571       10.9826309784       29.9339936702    2.84714449175e-19               
17899.6694351      4.0                     0.769125531711     1.7893802481e-20     0.576490128823       0.35307388248        10.6082945641       30.0455374654    3.18495563293e-19               
17984.3173866      4.0                     0.767672912225     1.73950404322e-20    0.558085686977       0.341695216352       10.3083723688       30.1683250907    3.5573251119e-19                
18068.6733587      4.0                     0.766225273107     1.69530439314e-20    0.540889208078       0.331070335122       10.0324362613       30.3030359321    3.96718865727e-19               
18152.7381412      4.0                     0.764782641285     1.64627599306e-20    0.522009934896       0.319401336533       9.7264907607        30.4522544154    4.41767659846e-19               
18236.5127776      4.0                     0.763344955693     1.58916372838e-20    0.500573305157       0.306149122564       9.37362885115       30.6178530667    4.91212294075e-19               
18319.9990699      4.0                     0.761912251895     1.52055031766e-20    0.475488241491       0.290644038726       8.95156044198       30.7990505541    5.4540780763e-19                
18403.1975463      4.0                     0.7601532555       1.44538802133e-20    0.448242852264       0.273778227434       8.48634202345       30.9971399223    6.04730482901e-19               
18486.1090026      4.0                     0.758489928253     1.36219745173e-20    0.418747372359       0.255551400413       7.97682950007       31.2141881719    6.69579568857e-19               
18568.7352455      4.0                     0.756832328427     1.28381631571e-20    0.390920401335       0.23837775435        7.49776036804       31.4532720911    7.40378907487e-19               
18651.0767875      4.0                     0.755180428248     1.24190817261e-20    0.374398718029       0.228186563748       7.23862463301       31.7223964203    8.17575973119e-19               
18733.1336589      4.0                     0.75353424973      1.23024431167e-20    0.3671674377         0.223715893466       7.16457004325       32.0253064378    9.01643099421e-19               
18814.9082072      4.0                     0.751893718469     1.24226019878e-20    0.366775133436       0.223447895756       7.23019580088       32.3574127938    9.93081373253e-19               
18896.4011637      4.0                     0.750258846976     1.2645569332e-20     0.369050951326       0.224813009277       7.35535477282       32.7176563157    1.09241766429e-18               
18977.6141107      4.0                     0.748629581969     1.28820978788e-20    0.371239257328       0.226115310018       7.48538212897       33.1042693588    1.20020812377e-18               
19058.5467567      4.0                     0.747005951207     1.30994577698e-20    0.372190447727       0.226648196509       7.59541290539       33.5119053334    1.31703546555e-18               
19139.2004638      4.0                     0.745387919679     1.33383711319e-20    0.373287560681       0.227262073186       7.7149583701        33.9474082144    1.44351445321e-18               
19219.5764929      4.0                     0.743888030532     1.36318024289e-20    0.375667225641       0.228641520037       7.86906142728       34.4165898915    1.58029069659e-18               
19299.7041397      4.0                     0.74216251806      1.39783380641e-20    0.379025007425       0.23063953781        8.05451395419       34.9225203565    1.7280954814e-18                
19379.6246629      4.0                     0.740441473223     1.42779906454e-20    0.381178641032       0.231891823174       8.2267834222        35.4768154806    1.88773540956e-18               
19459.3488704      4.0                     0.738724664845     1.44392162609e-20    0.379422580029       0.230739301123       8.32285222061       36.0703711076    2.06001111663e-18               
19538.8772152      4.0                     0.73701206547      1.4433366153e-20     0.373069128315       0.226764784482       8.3223956857        36.7005648814    2.24574416662e-18               
19618.2097155      4.0                     0.735303701948     1.41988557235e-20    0.36079315304        0.219163651093       8.18971947955       37.3680555088    2.44579547647e-18               
19697.3463891      4.0                     0.733599533508     1.37680588478e-20    0.338285596519       0.205321664311       7.77139636898       37.8498605836    2.6610673178e-18                
19776.2888476      4.0                     0.731899559437     1.32990967778e-20    0.312146901861       0.189291014976       7.22756714311       38.1823043425    2.89250932634e-18               
19855.0367274      4.0                     0.730203768086     1.28597388621e-20    0.287436111263       0.174160227577       6.70174627427       38.4803486278    3.14110982181e-18               
19933.5906393      4.0                     0.728512153411     1.25226897597e-20    0.266156345897       0.161144101348       6.24757453252       38.770109984     3.40790513015e-18               

