#ObserverLambda    ApertureRadiusPixels    EncircledEnergy    f_lambda             OptimalS/N        ApertureS/N        AperturePhotons    ApertureNoise    Thermal_f_lambda_per_arcsec2    _z=0.50_exp=893.0_ph=0.0_gal=0_PSF=WebbPSF_pxsl=0.075_mdl=hsiao_type=Ia_waifs_R_zodi=waifs_zodi_medium_offi=0j=0_RN=4.0    
4000.0   4.0   0.916073337304   3.32468588199e-19   0.224680507256   0.0722575167598   1.23658160957   24.2015002976   5.50964234883e-59
4005.26666418   4.0   0.91598013691   3.4608881476e-19   0.237360928066   0.0764355405896   1.30839572553   24.2073259028   6.47301825419e-59
4010.57149906   4.0   0.91588622306   3.65109163151e-19   0.254049782614   0.0819407080795   1.40299781017   24.2136820815   7.61040677328e-59
4015.91480579   4.0   0.915791657006   3.87815390748e-19   0.273713565115   0.0884433039419   1.51476070472   24.2205019662   8.95420757962e-59
4021.29688552   4.0   0.915696398057   4.07669224063e-19   0.291883315054   0.0944749505957   1.61850914492   24.2271910171   1.0543026205e-58
4026.71803917   4.0   0.915600432931   4.24009409684e-19   0.308013795651   0.0998504973104   1.71105622818   24.2336683185   1.24228945011e-58
4032.17846828   4.0   0.915503779966   4.37555268414e-19   0.322542087147   0.10470973251   1.79479186489   24.2400029532   1.46486934382e-58
4037.67857352   4.0   0.915406436159   4.49610667825e-19   0.336332082628   0.109336424919   1.87458089514   24.2462995938   1.72860328595e-58
4043.21855674   4.0   0.915308363963   4.60185803577e-19   0.349364534454   0.113722406709   1.95028045256   24.2525670666   2.04132075158e-58
4048.79881783   4.0   0.915209615417   4.70838909264e-19   0.362750068827   0.118237475761   2.02823551797   24.2588636389   2.41239434863e-58
4054.41945981   4.0   0.915110094018   4.82562205079e-19   0.377273098055   0.123145405926   2.11299843657   24.26547043   2.85301629597e-58
4060.08098182   4.0   0.915009899481   4.95374463886e-19   0.392962406575   0.128458593075   2.20478220359   24.272295148   3.37661822235e-58
4065.78348744   4.0   0.914908938377   5.0926950433e-19   0.409879352401   0.134200697726   2.30399734909   24.279293544   3.99925523113e-58
4071.52747527   4.0   0.914807275288   5.24264441999e-19   0.428049274448   0.140383614223   2.41086999262   24.2866032273   4.74021988689e-58
4077.31304947   4.0   0.914704916284   5.40370004309e-19   0.447550136038   0.147037421328   2.52591543241   24.2941036233   5.62260649231e-58
4083.1407081   4.0   0.914601734972   5.57588329034e-19   0.468395924342   0.154170944274   2.64931062021   24.3019349615   6.67420233341e-58
4089.01055588   4.0   0.914497813486   5.75825033504e-19   0.490580727007   0.161786577567   2.78109400515   24.3099604469   7.92831851381e-58
4094.92309034   4.0   0.914393151946   5.92652594488e-19   0.512096273667   0.169200934596   2.90949929894   24.317960623   9.42508737103e-58
4100.8784168   4.0   0.914287761803   6.07051377519e-19   0.532079055663   0.176114950062   3.0293666172   24.3258391418   1.12126884441e-57
4106.87703344   4.0   0.914181590986   6.18721650694e-19   0.55017708133   0.182402390143   3.13850462351   24.3335260267   1.33492430162e-57
4112.91914386   4.0   0.914074635281   6.26953041507e-19   0.565709425167   0.18782249158   3.23274562598   24.3409375727   1.59046713914e-57
4119.00514693   4.0   0.913966913519   6.31723884273e-19   0.578524245217   0.192316102437   3.31104932511   24.3480371869   1.89633482404e-57
4125.13524656   4.0   0.91385842394   6.34977501718e-19   0.590246326519   0.196440696608   3.38303296295   24.3550656185   2.26269588221e-57
4131.30984284   4.0   0.913749123099   6.37522160062e-19   0.601541040257   0.200425182631   3.45264597276   24.3621098884   2.70183735479e-57
4137.5292387   4.0   0.913639064772   6.4028990647e-19   0.613246765051   0.204560485505   3.52491776527   24.3692957565   3.22859674389e-57
4143.79383246   4.0   0.913528149356   6.45201049352e-19   0.627139029751   0.209466667384   3.6105753279   24.3768629178   3.86092059828e-57
4150.10382865   4.0   0.913416495467   6.5229969887e-19   0.643365306183   0.215200244839   3.71060097938   24.3847568347   4.62049841283e-57
4156.45962713   4.0   0.913303998436   6.61134671813e-19   0.661568415495   0.221641891445   3.82297457734   24.3931059686   5.5336090301e-57
4162.86153114   4.0   0.913190659609   6.71619334309e-19   0.681751406276   0.228798352999   3.94780286795   24.4017364271   6.63207405532e-57
4169.30994042   4.0   0.913076493318   6.81430376573e-19   0.701697750568   0.235893633155   4.07168679263   24.410514455   7.95448757214e-57
4175.80515432   4.0   0.912961560209   6.88639351867e-19   0.719472422852   0.242242381272   4.18271176381   24.4189632278   9.54764818747e-57
4182.34738239   4.0   0.912845742422   6.93732342338e-19   0.735503686741   0.247990157027   4.2834060678   24.4272646707   1.1468331774e-56
4188.93721822   4.0   0.912729115167   6.98047139054e-19   0.751033464915   0.25357372165   4.38133178828   24.4355748052   1.37856304931e-56
4195.57486517   4.0   0.912611625626   7.02493999911e-19   0.766979964259   0.259318744965   4.48215844655   24.4441311845   1.65834035593e-56
4202.26062704   4.0   0.912493287463   7.13141772702e-19   0.789711730633   0.267501500685   4.62538891287   24.4536662737   1.9963682008e-56
4208.99490557   4.0   0.912374095584   7.31252209012e-19   0.820812129637   0.278713792456   4.82139436866   24.464524898   2.40507141249e-56
4215.77810003   4.0   0.912254004998   7.55524743003e-19   0.859158866234   0.292589471054   5.06390602756   24.4765489473   2.8995860416e-56
4222.61051189   4.0   0.912133079389   7.85426836638e-19   0.904396128603   0.309040342823   5.35146923693   24.4896032367   3.49835459294e-56
4229.49244793   4.0   0.912011283405   8.17891180118e-19   0.953384804575   0.32696422469   5.66504238562   24.5034635863   4.22387045684e-56
4236.42440481   4.0   0.911888598851   8.49958884181e-19   1.00294528267   0.345217598589   5.98473175916   24.5175443875   5.10361172574e-56
4243.40668402   4.0   0.911764988607   8.8015986667e-19   1.05144903516   0.36320117178   6.30007020539   24.531496113   6.17111870918e-56
4250.43958996   4.0   0.911640524081   9.05859106658e-19   1.09590704922   0.379793249986   6.59151437077   24.545083586   7.46738202771e-56
4257.52352448   4.0   0.911515085398   9.27186233829e-19   1.13634113914   0.394975394423   6.85862877414   24.5580845839   9.04255362712e-56
4264.65888942   4.0   0.911388807998   9.44838202886e-19   1.17339043539   0.40896346743   7.10519457439   24.5708053602   1.09580195502e-55
4271.84608036   4.0   0.911261627648   9.6078542101e-19   1.20918896476   0.422545482818   7.34489438348   24.5833291215   1.32889655714e-55
4279.08531144   4.0   0.911133440517   9.83175863896e-19   1.25324767409   0.439327278164   7.64092410978   24.5972756471   1.61274655456e-55
4286.37717526   4.0   0.91100438114   1.01338240317e-18   1.30737063141   0.460051335305   8.00647932744   24.6130416804   1.95865962626e-55
4293.7219768   4.0   0.91087438685   1.05348943422e-18   1.37429929088   0.485853515621   8.46163548906   24.630864692   2.38050109008e-55
4301.12011449   4.0   0.910743473805   1.10311146788e-18   1.45381114108   0.516768640315   9.00735155868   24.6508760528   2.89530325108e-55
4308.57189349   4.0   0.910620601939   1.1568651418e-18   1.53954570661   0.550484717906   9.60331864587   24.6721414188   3.52398917194e-55
4316.07771937   4.0   0.910498163923   1.21293210298e-18   1.62950071425   0.58624326206   10.236361749   24.694356473   4.29229522639e-55
4323.63808698   4.0   0.910374744623   1.26521177236e-18   1.71633121127   0.621135691619   10.8552298228   24.7161984729   5.23190385339e-55
4331.25330174   4.0   0.910250520606   1.31266216928e-18   1.79872286263   0.654587326492   11.4498138312   24.7376897013   6.38180451532e-55
4338.92376956   4.0   0.910125319438   1.35631119206e-18   1.87786672404   0.687033210373   12.0276645289   24.7588836381   7.79005153663e-55
4346.64998078   4.0   0.909999232184   1.39622476144e-18   1.95372532513   0.71842047241   12.5877080404   24.7796179123   9.51591748667e-55
4354.43215303   4.0   0.909872242608   1.43208534026e-18   2.02588360773   0.748538412182   13.1262747469   24.8000859164   1.16324661952e-54
4362.2708807   4.0   0.909744334608   1.46313410307e-18   2.09327968229   0.77690279472   13.6345362163   24.8198207226   1.42300096128e-54
4370.16656156   4.0   0.909615489509   1.48671007181e-18   2.15239395591   0.801977256599   14.0851763178   24.838441303   1.74200761939e-54
4378.11950165   4.0   0.909485676002   1.50365762925e-18   2.20410577152   0.824066516958   14.4832826172   24.8558136079   2.13404956291e-54
4386.13010746   4.0   0.909354958859   1.51748896916e-18   2.25270211847   0.8449477569   14.8604632136   24.8728111411   2.61618077574e-54
4394.19888141   4.0   0.90922329549   1.52975020986e-18   2.3000748197   0.865411966383   15.2307772002   24.8897591367   3.20951934932e-54
4402.32631211   4.0   0.909090638532   1.543014971e-18   2.3494797132   0.886857379476   15.6191813382   24.9072120443   3.94022687472e-54
4410.51261974   4.0   0.908957045491   1.55395507342e-18   2.39664723063   0.907441879715   15.9928015499   24.924444271   4.84070294822e-54
4418.75839757   4.0   0.908822489323   1.55870539506e-18   2.43626646782   0.924832231484   16.3098099738   24.9404803277   5.95117374782e-54
4427.0640477   4.0   0.908686964031   1.55273584587e-18   2.461918027   0.936176127638   16.5189405062   24.9541394585   7.32154422181e-54
4435.42997726   4.0   0.908550429274   1.53348476041e-18   2.46953838174   0.939643145094   16.5870604877   24.9645400361   9.01379102069e-54
4443.85667862   4.0   0.908412904339   1.50307296524e-18   2.46119341372   0.936114407927   16.5299564594   24.9723235887   1.11049536755e-53
4452.34446908   4.0   0.908274393416   1.46372999204e-18   2.43931756982   0.926670060653   16.3668105974   24.9778006662   1.36907830149e-53
4460.89393578   4.0   0.908134909117   1.42341781866e-18   2.41469846933   0.916045660993   16.1824045732   24.9827519429   1.68905087109e-53
4469.50539123   4.0   0.907994348476   1.38595002988e-18   2.39289976963   0.906665945612   16.0203334557   24.9883546529   2.08524804176e-53
4478.17934349   4.0   0.907852833157   1.35699338619e-18   2.38267245084   0.902318534229   15.9486299279   24.9963149098   2.57616062549e-53
4486.91637334   4.0   0.907710213805   1.33971330414e-18   2.38945150841   0.905349673588   16.009248323   25.0072619241   3.18484830406e-53
4495.71671047   4.0   0.907566599331   1.33673515679e-18   2.41821202767   0.917941964446   16.2417082021   25.0222912317   3.94005040007e-53
4504.58103532   4.0   0.907421971502   1.35117411491e-18   2.47460026044   0.942656757964   16.6924621293   25.042429759   4.87768012781e-53
4513.50966143   4.0   0.907276257727   1.3818046281e-18   2.5575065716   0.979216834996   17.35732168   25.0675866297   6.04255707568e-53
4522.50309146   4.0   0.907129488657   1.42132360205e-18   2.65586203338   1.02297591636   18.1534722402   25.0958563397   7.49071769103e-53
4531.56182208   4.0   0.90698166815   1.46308809601e-18   2.75929190518   1.06945468738   19.000651867   25.1253930938   9.29224204752e-53
4540.68626783   4.0   0.906832747228   1.50061826918e-18   2.85752927794   1.11404040013   19.8156067613   25.1542989708   1.15348061547e-52
4549.87701937   4.0   0.90668280884   1.53105910831e-18   2.94585759672   1.15449364819   20.5573923485   25.1814818184   1.43282393867e-52
4559.13447902   4.0   0.906531743382   1.55463168752e-18   3.02440305804   1.19074963486   21.2247170016   25.2072384052   1.78100911783e-52
4568.45906843   4.0   0.906379559266   1.57448900712e-18   3.09817969118   1.225043968   21.8576630986   25.232185341   2.21527903335e-52
4577.85146503   4.0   0.906226272445   1.5921159595e-18   3.16938277441   1.25835583508   22.4741840064   25.2570304814   2.75727727685e-52
4587.31198406   4.0   0.906071898952   1.60892227214e-18   3.2403507756   1.29176761543   23.0936785781   25.2818890944   3.43414914949e-52
4596.84114177   4.0   0.905916390841   1.62791689687e-18   3.31613669818   1.32767874135   23.7602065246   25.3079523958   4.27999786188e-52
4606.43960762   4.0   0.905764467174   1.65458691361e-18   3.40551647488   1.37057956604   24.5561440213   25.337041933   5.33769905084e-52
4616.10761789   4.0   0.905625333411   1.69511943819e-18   3.51841732624   1.42593511435   25.5824197713   25.3714707518   6.661113058e-52
4625.84586216   4.0   0.905485262145   1.74490419226e-18   3.64856605233   1.49036444534   26.7785327993   25.4098386463   8.31806364738e-52
4635.6548433   4.0   0.905344120621   1.79782387479e-18   3.78567286625   1.55904787953   28.0568173732   25.4501528622   1.03939107058e-51
4645.53505693   4.0   0.905201963219   1.84432882796e-18   3.91348893229   1.62392392433   29.2687497634   25.4890594628   1.2996173413e-51
4655.48692023   4.0   0.905058754689   1.87940304185e-18   4.02341481187   1.68045198497   30.3296201541   25.5246651589   1.62603328493e-51
4665.51103654   4.0   0.90491457475   1.9015578551e-18   4.1126393417   1.7269225648   31.2064239139   25.5560801802   2.03573007069e-51
4675.60799407   4.0   0.904769265721   1.91199064785e-18   4.18270846708   1.76387238705   31.9085028136   25.5838733513   2.55027473374e-51
4685.77821068   4.0   0.904622954983   1.92192428938e-18   4.25289023635   1.80110912422   32.6173525514   25.6117748917   3.19688665281e-51
4696.02228976   4.0   0.904475555491   1.93229296128e-18   4.32478741934   1.83946255309   33.3489848558   25.6405088656   4.00996163438e-51
4706.34081107   4.0   0.904327083091   1.93701504553e-18   4.38752103634   1.87324110849   33.9965243464   25.6672787682   5.03297557296e-51
4716.73411668   4.0   0.904177549286   1.92939569769e-18   4.42882079149   1.89589274385   34.4372124172   25.689594519   6.32088145552e-51
4727.20297853   4.0   0.904026923672   1.91001129818e-18   4.44882729534   1.90736745732   34.6693244362   25.707397297   7.94326983571e-51
4737.7478156   4.0   0.903875218702   1.88272913204e-18   4.45389012337   1.91095304665   34.7540038128   25.722077782   9.98819568439e-51
4748.36922308   4.0   0.903722393512   1.85144083205e-18   4.45065738271   1.91014341929   34.7565223433   25.7350902181   1.25672323575e-50
4759.06771244   4.0   0.903568467726   1.81392333893e-18   4.43446602006   1.90247684466   34.6305801246   25.7454165897   1.58217710507e-50
4769.84388721   4.0   0.903413408021   1.76455040748e-18   4.39357884462   1.88179652424   34.2605543124   25.7504888417   1.99311413045e-50
4780.69834228   4.0   0.903257231512   1.69260314015e-18   4.30489275547   1.83614045925   33.422246018   25.7452895442   2.51228836651e-50
4791.63158953   4.0   0.903099955428   1.59928344495e-18   4.16738181153   1.76550512549   32.1166877459   25.729666029   3.16858125578e-50
4802.64423253   4.0   0.902941480628   1.50144863022e-18   4.01285790227   1.68693785265   30.6650751507   25.7111630083   3.99868171118e-50
4813.73685691   4.0   0.902781887749   1.42336522719e-18   3.89355977456   1.62711253394   29.5649322868   25.7004353185   5.04921430428e-50
4824.90991089   4.0   0.902621135613   1.37464388767e-18   3.83453123965   1.59807510292   29.0396518751   25.702763716   6.37944351996e-50
4836.16424417   4.0   0.902459196806   1.34654044373e-18   3.8197583232   1.59133880106   28.9304246949   25.7147439401   8.06481566652e-50
4847.50019636   4.0   0.902296082157   1.32975404146e-18   3.83016628204   1.59724235702   29.0568727018   25.7319406917   1.02012805585e-49
4858.91847161   4.0   0.902131813414   1.31640551827e-18   3.84828966567   1.60702116069   29.2560599515   25.7509478594   1.29110843507e-49
4870.41974538   4.0   0.901966351376   1.30387013154e-18   3.86811216079   1.61765853233   29.4717559209   25.7704880635   1.63499855182e-49
4882.0044495   4.0   0.901799656769   1.29345279131e-18   3.89294453887   1.63083275269   29.7354435651   25.7912877874   2.07164468017e-49
4893.67327837   4.0   0.901631748502   1.28749565427e-18   3.92873270805   1.64957818042   30.1040767697   25.8145763605   2.62636635118e-49
4905.42683575   4.0   0.901462660479   1.28822791185e-18   3.98144798855   1.67699423902   30.6359411121   25.8414467313   3.33146693859e-49
4917.26573544   4.0   0.901312452877   1.29637458114e-18   4.05305140561   1.71439102557   31.3575497231   25.8729217333   4.22818449046e-49
4929.19066142   4.0   0.901162181556   1.31171259363e-18   4.14379399321   1.76193697578   32.2719747044   25.9086033205   5.36919491652e-49
4941.20212729   4.0   0.901010803945   1.33582811241e-18   4.25809071251   1.8221507497   33.4285625219   25.9500245416   6.82178911858e-49
4953.30075767   4.0   0.900858286921   1.37128449665e-18   4.40285937876   1.89904559627   34.9045403321   25.9983868484   8.67199976177e-49
4965.48733635   4.0   0.900704725288   1.41989668723e-18   4.58284359759   1.99572775398   36.7622031821   26.055268217   1.10298940818e-48
4977.76245658   4.0   0.900550018165   1.47882001827e-18   4.7906963258   2.10899486669   38.9446383135   26.1193817002   1.40362826745e-48
4990.12664327   4.0   0.900394199839   1.53952149412e-18   5.00473186595   2.22753861556   41.2394232508   26.1862587639   1.7871396019e-48
5002.58060082   4.0   0.90023727995   1.59640474781e-18   5.21092212855   2.34362371396   43.4981267243   26.2521070788   2.27661116103e-48
5015.12502266   4.0   0.900079183508   1.65148902401e-18   5.41440264102   2.45996274706   45.7726945304   26.3181152261   2.90162636721e-48
5027.76052386   4.0   0.899919923532   1.70812602063e-18   5.62356256302   2.58131750023   48.1566604884   26.386822674   3.70010356294e-48
5040.48779765   4.0   0.899759538803   1.76301976802e-18   5.83022792515   2.70301654157   50.5597343778   26.4559626013   4.72067544227e-48
5053.30745939   4.0   0.899597989585   1.8067453047e-18   6.01087910889   2.81098042517   52.7057281923   26.5193458311   6.02573015051e-48
5066.22022509   4.0   0.899435241476   1.83957254142e-18   6.16613200565   2.90498545057   54.5880879198   26.5773714025   7.69535506086e-48
5079.2268533   4.0   0.899271323504   1.87130422432e-18   6.32041904041   2.99939533254   56.4862080305   26.6355752509   9.83240021176e-48
5092.32780581   4.0   0.899106205697   1.90931119024e-18   6.49244503334   3.10564569467   58.6279419031   26.6993916231   1.25689298269e-47
5105.52396446   4.0   0.898939916303   1.95408769877e-18   6.6835096238   3.22491217285   61.0382519955   26.7687460345   1.60747512966e-47
5118.81600984   4.0   0.898772427249   2.00131358087e-18   6.88274082916   3.35075056622   63.5924234538   26.8412232863   2.05681417314e-47
5132.20449409   4.0   0.898603688604   2.04629474011e-18   7.07836471078   3.47583267194   66.1452261644   26.9137280451   2.63297796389e-47
5145.6902861   4.0   0.898433752584   2.08809485956e-18   7.2679019542   3.59846693203   68.6623427588   26.9855004531   3.37209490253e-47
5159.2740024   4.0   0.89826250436   2.13159166235e-18   7.46382909712   3.72662597486   71.3048477547   27.0599985244   4.32065597149e-47
5172.9563477   4.0   0.898090117205   2.18401123598e-18   7.68441380924   3.87247021681   74.321857137   27.1423912295   5.53852992102e-47
5186.73803936   4.0   0.897916424235   2.24820079589e-18   7.93698959915   4.04148451002   77.830875275   27.2348971169   7.10283736998e-47
5200.61986986   4.0   0.897741459118   2.32203053085e-18   8.21588094723   4.23063302541   81.7794450628   27.3368606392   9.11296978722e-47
5214.60254394   4.0   0.897570911012   2.4035703892e-18   8.51597507776   4.4371112987   86.1181158384   27.446785601   1.16970429053e-46
5228.68676641   4.0   0.897405543193   2.49180645487e-18   8.83465361365   4.65970300862   90.8288451807   27.5639673943   1.50202676121e-46
5242.87324205   4.0   0.897238994828   2.58215373065e-18   9.16025265359   4.890686377   95.755818527   27.6853734195   1.92957640419e-46
5257.16270233   4.0   0.897071179437   2.66722008884e-18   9.474618973   5.11711779633   100.628580289   27.8054400973   2.47985590188e-46
5271.55601281   4.0   0.896902196147   2.74167516907e-18   9.7648450114   5.32913309302   105.234935197   27.9200371617   3.18837547419e-46
5286.05381858   4.0   0.896731943264   2.8034525728e-18   10.0263296627   5.52264240368   109.477972066   28.0266470931   4.100980226e-46
5300.65698446   4.0   0.896560465359   2.85084574809e-18   10.2548577439   5.69373921839   113.265535296   28.1235494107   5.27690587024e-46
5315.36615639   4.0   0.896387732233   2.8822559467e-18   10.4462956036   5.83852865173   116.507001879   28.2096062047   6.79267798127e-46
5330.1822124   4.0   0.896213768303   2.90013354694e-18   10.6062699904   5.96061727828   119.27130224   28.2859958374   8.74723793669e-46
5345.10587159   4.0   0.896038554526   2.90893167019e-18   10.7453398082   6.06757166429   121.717930598   28.3559751684   1.12684989616e-45
5360.13792521   4.0   0.895862000891   2.90967026282e-18   10.8655740139   6.1607236014   123.87128665   28.419858635   1.45219143993e-45
5375.2791071   4.0   0.895684254139   2.90287744229e-18   10.9677646347   6.24042237657   125.73862582   28.4784001693   1.87215297165e-45
5390.53030884   4.0   0.895505114586   2.88750235737e-18   11.0487001122   6.30408468386   127.256972042   28.529759105   2.41444055529e-45
5405.89232135   4.0   0.895324745739   2.86542703863e-18   11.1123545096   6.35459763414   128.489135418   28.5755371623   3.11491860166e-45
5421.36586451   4.0   0.895143038114   2.84763927688e-18   11.1872404213   6.41391039112   129.922445785   28.6256096671   4.02002352836e-45
5436.95175897   4.0   0.894960035531   2.83527641429e-18   11.2768219601   6.48476064637   131.620845331   28.6814746723   5.18990698715e-45
5452.65089585   4.0   0.894775723879   2.8052088076e-18   11.3189318419   6.51892845911   132.50281206   28.7208055188   6.70250980173e-45
5468.46408086   4.0   0.894589998355   2.72846440947e-18   11.2314494181   6.45248920465   131.133900647   28.7151894085   8.65883355754e-45
5484.39213512   4.0   0.894402966491   2.58995251617e-18   10.9623887211   6.2464780237   126.657839896   28.6481182699   1.1189806474e-44
5500.43593387   4.0   0.894214609944   2.39678191176e-18   10.5145242131   5.90741441819   119.264794171   28.5225362843   1.44652028237e-44
5516.5962137   4.0   0.894010689814   2.17641393196e-18   9.95057381738   5.48879708338   110.196249997   28.3625614198   1.87051737253e-44
5532.87388097   4.0   0.893789264031   1.95911819732e-18   9.35372816391   5.0565138813   100.931200438   28.1982962102   2.41953468568e-44
5549.26981013   4.0   0.893566212624   1.76394608431e-18   8.78724594145   4.65701015378   92.4676666013   28.0494447818   3.13063317478e-44
5565.78477096   4.0   0.893341581128   1.61068630908e-18   8.33186948266   4.34388753172   85.9141723651   27.9396654004   4.05190548533e-44
5582.41978972   4.0   0.893115291765   1.51717296418e-18   8.07448043609   4.17067774619   82.3451372376   27.8907740957   5.24579690835e-44
5599.17555324   4.0   0.89288735692   1.47249365874e-18   7.99444308503   4.11829804454   81.3227926503   27.8945176217   6.79335925206e-44
5616.05310293   4.0   0.892657764626   1.45543629427e-18   8.01988883309   4.13688043321   81.7921950204   27.929218967   8.7998822648e-44
5633.05321102   4.0   0.892426541462   1.46012349978e-18   8.13201738679   4.21399155457   83.4975100282   27.9895365265   1.14020956809e-43
5650.17690092   4.0   0.892193601275   1.48807362389e-18   8.33903767145   4.356249763   86.5909948464   28.0783886296   1.47776718482e-43
5667.42486253   4.0   0.891958971346   1.53738096684e-18   8.63400349566   4.56083624059   91.0337819572   28.1946782987   1.91574015176e-43
5684.79816932   4.0   0.89172264234   1.60784341616e-18   9.01513209831   4.82907463485   96.8815685881   28.3389358112   2.48413172233e-43
5702.29771062   4.0   0.89148457741   1.71293815464e-18   9.53263196318   5.2003080172   105.030957101   28.5293925161   3.22193665756e-43
5719.92432744   4.0   0.891244806053   1.87268666076e-18   10.2558687242   5.73270834311   116.848844519   28.7917421564   4.17984613606e-43
5737.67900946   4.0   0.891003256574   2.09451095275e-18   11.1952578869   6.44731761617   132.993204737   29.1376213351   5.42377888969e-43
5755.56268118   4.0   0.890760016627   2.3734566053e-18   12.3107510741   7.32827103508   153.363536151   29.5614488544   7.03945486492e-43
5773.57631409   4.0   0.890514942634   2.69109502635e-18   13.5203397963   8.32061470441   176.955741636   30.0411429004   9.13836879628e-43
5791.72075054   4.0   0.890268126816   3.00977875318e-18   14.6953797525   9.31871859701   201.404843197   30.5297244967   1.18655342513e-42
5809.99699793   4.0   0.890019544932   3.28608405176e-18   15.7105686101   10.2059306465   223.779118591   30.9725694134   1.54096305711e-42
5828.40604533   4.0   0.889762259899   3.49284926348e-18   16.5019428384   10.9126126968   242.061298093   31.3347191908   2.00161544592e-42
5846.94881813   4.0   0.889502750724   3.62684207511e-18   17.0743980897   11.431430738   255.790464038   31.6105182996   2.60045458435e-42
5865.62630513   4.0   0.889241353038   3.69166994172e-18   17.4451037698   11.7707295726   264.967389046   31.8020012691   3.37905437804e-42
5884.43945097   4.0   0.888978043187   3.6846897575e-18   17.6060074938   11.9188750297   269.146706474   31.9033075004   4.39152246404e-42
5903.38932579   4.0   0.888712856567   3.61194364678e-18   17.5778348858   11.8929727769   268.722447593   31.9235446609   5.70829625616e-42
5922.49242679   4.0   0.888445496299   3.48977908666e-18   17.4275600529   11.7535038592   265.361337376   31.8994443052   7.42264259553e-42
5941.816523   4.0   0.888175027138   3.33230742115e-18   17.1521332053   11.5003674481   259.005826093   31.8218640499   9.66408998832e-42
5961.36521252   4.0   0.887901421116   3.17467942133e-18   16.8561875653   11.2301059595   252.239017568   31.7374031927   1.25984195143e-41
5981.14111855   4.0   0.887624666347   3.07297704621e-18   16.7321240076   11.1162931935   249.599617514   31.7280284231   1.64444755788e-41
6001.14686453   4.0   0.887344667252   3.06706482286e-18   16.9215857696   11.2860987349   254.375430583   31.849903186   2.14915994279e-41
6021.38511385   4.0   0.887061450084   3.15605047528e-18   17.392579353   11.7149030816   265.952144938   32.081925456   2.81227650266e-41
6041.85863162   4.0   0.886774883816   3.30282019002e-18   18.0554546437   12.3250697923   282.559809094   32.3993371238   3.6845460144e-41
6062.57004224   4.0   0.886485021703   3.46153690382e-18   18.7571306014   12.9787440262   300.660847259   32.7400158383   4.83327658045e-41
6083.52229128   4.0   0.886191814291   3.59395786961e-18   19.3694867857   13.5554852369   316.937319206   33.0454911499   6.34786307927e-41
6104.71804435   4.0   0.885895162937   3.66450438269e-18   19.7778906415   13.9430967988   328.111405871   33.2609470769   8.34711399772e-41
6126.16014831   4.0   0.885595036996   3.64768640211e-18   19.8984845275   14.0580012692   331.621326971   33.3433604334   1.09891325784e-40
6147.85150934   4.0   0.885291479372   3.5533578024e-18   19.7560818491   13.9223083355   328.015374203   33.3035851392   1.44845218961e-40
6169.79499616   4.0   0.884939221943   3.42105820611e-18   19.4655145347   13.6546002317   320.657431687   33.1993548998   1.91140843902e-40
6191.99359458   4.0   0.884610841285   3.2835757334e-18   19.1466267972   13.3565404672   312.519068702   33.0814258103   2.52526324236e-40
6214.45019591   4.0   0.884278728411   3.15774463854e-18   18.8549467445   13.0856640419   305.189848043   32.9769949065   3.34008917637e-40
6237.16790803   4.0   0.883942719484   3.04548491632e-18   18.6002879152   12.8506813439   298.900113663   32.8906490842   4.42285811368e-40
6260.14973822   4.0   0.88360279943   2.929658333e-18   18.3189847119   12.5920234242   291.995433087   32.7936291607   5.86321654702e-40
6283.39868083   4.0   0.883258922154   2.79003525329e-18   17.927685885   12.233233323   282.404565103   32.6495016948   7.78127779938e-40
6306.91794473   4.0   0.882911049054   2.62651802457e-18   17.4156552473   11.7668349328   269.997705948   32.4552197363   1.03381510803e-39
6330.71066044   4.0   0.882559107172   2.45682197777e-18   16.8466616506   11.2538486774   256.491371564   32.2399861199   1.37501039679e-39
6354.77998122   4.0   0.882203111775   2.29263763864e-18   16.2665988736   10.737141131   243.057142372   32.024540278   1.83077192809e-39
6379.12913886   4.0   0.881842985016   2.12786914185e-18   15.646262493   10.1917046673   229.050240364   31.7971496696   2.44017946251e-39
6403.76138828   4.0   0.88147863311   1.96782980445e-18   15.0097464916   9.64016768815   215.078902918   31.568917854   3.25583560903e-39
6428.68003951   4.0   0.881110087277   1.84749865654e-18   14.5372784515   9.23728652223   205.036707217   31.4106159903   4.34860779698e-39
6453.88839489   4.0   0.880737209177   1.80687704039e-18   14.4601186781   9.17476103694   203.623068268   31.4097054617   5.81404823954e-39
6479.38991928   4.0   0.880360035612   1.85686056667e-18   14.8573955483   9.51865576292   212.489188347   31.59613797   7.78111251237e-39
6505.1879167   4.0   0.879978477235   1.96011690087e-18   15.5322941758   10.1081850607   227.779335761   31.8973100383   1.04239514922e-38
6531.2858991   4.0   0.87958073792   2.06784372324e-18   16.2266251473   10.7240206707   244.022462711   32.2125806397   1.39779784008e-38
6557.68734977   4.0   0.879169947654   2.15134369893e-18   16.797021586   11.2372137172   257.816085228   32.4822490749   1.87616430771e-38
6584.39583316   4.0   0.878754401306   2.18973888411e-18   17.1440743317   11.5535482543   266.497253266   32.6598904442   2.52060740373e-38
6611.41480644   4.0   0.878333988325   2.18283039636e-18   17.2672044382   11.6681501303   269.794745759   32.7425987142   3.38953306995e-38
6638.74805967   4.0   0.877908663107   2.18099882244e-18   17.4171565625   11.8075099271   273.776319266   32.8370225979   4.56214046394e-38
6666.39920605   4.0   0.877478481576   2.245371031e-18   17.9044768519   12.256419328   286.253369961   33.0792603748   6.14588126109e-38
6694.37183315   4.0   0.877043208989   2.37365875404e-18   18.7097375455   13.0051188828   307.253409896   33.4650490429   8.28664298738e-38
6722.66973087   4.0   0.876602932311   2.50416104922e-18   19.5148037136   13.7639994116   328.960788134   33.857016399   1.11826543806e-37
6751.29678973   4.0   0.87615750438   2.57988984873e-18   20.0518719552   14.2766497288   343.94823052   34.1317225892   1.51034442796e-37
6780.25677542   4.0   0.875706954243   2.58557652708e-18   20.2525589212   14.471253721   349.837398787   34.2528599328   2.04156893405e-37
6809.553555   4.0   0.875251073573   2.54211923482e-18   20.2138581692   14.4377198548   349.085205134   34.2623825677   2.7618580565e-37
6839.19107083   4.0   0.874789949438   2.48461465141e-18   20.1010553864   14.333630184   346.28020244   34.2377769048   3.73921341361e-37
6869.17329187   4.0   0.874323434186   2.43476609804e-18   20.0214079797   14.2613273438   344.403266801   34.2287595509   5.06632328005e-37
6899.50423544   4.0   0.873851558408   2.37412631963e-18   19.8806697379   14.1312171024   340.85026421   34.1915709584   6.86959859096e-37
6930.18792502   4.0   0.873404663072   2.26360379307e-18   19.4656813353   13.7418138396   329.86414675   34.0299392938   9.32153515587e-37
6961.22855295   4.0   0.872999560874   2.10908846028e-18   18.7835925769   13.1048579404   311.984048902   33.7503483999   1.26576585511e-36
6992.63021838   4.0   0.872589764702   1.96837797719e-18   18.1400167232   12.5107698496   295.56959108   33.4935801696   1.71996931878e-36
7024.3971408   4.0   0.872175175869   1.87954087639e-18   17.7651124597   12.1695040461   286.32270834   33.3559515451   2.33873584275e-36
7056.53354942   4.0   0.871755794518   1.81897392425e-18   17.5267039163   11.955973972   280.595992599   33.2728382242   3.18219140195e-36
7089.04381004   4.0   0.871331512882   1.74999919548e-18   17.2185207959   11.6804289532   273.186749119   33.1587339114   4.33259269128e-36
7121.93218195   4.0   0.870902267363   1.6781928845e-18   16.8791263227   11.3785667233   265.105430715   33.0318016775   5.90251256568e-36
7155.20318781   4.0   0.870468077213   1.62247388219e-18   16.6317978389   11.16128911   259.354754132   32.9445881677   8.04609794249e-36
7188.86124947   4.0   0.870028761315   1.55432957543e-18   16.289966473   10.8608963072   251.41114251   32.8191425784   1.09744859449e-35
7222.91080303   4.0   0.869584406223   1.44315537279e-18   15.6307789727   10.2832921449   236.191431764   32.5647867776   1.49769871018e-35
7257.35647243   4.0   0.869134889523   1.31920185662e-18   14.8392704371   9.6000070476   218.451960747   32.2633998681   2.04501975165e-35
7292.20283923   4.0   0.868680113399   1.24767669516e-18   14.4027185994   9.23094325539   209.03804799   32.1077806337   2.79379330607e-35
7327.45461604   4.0   0.868233700378   1.26394974803e-18   14.6296713891   9.42998284569   214.249695246   32.2129746188   3.81861535193e-35
7363.11656961   4.0   0.867843735985   1.30898520465e-18   15.0808480779   9.82341735474   224.56746019   32.4087576844   5.22183948062e-35
7399.19337312   4.0   0.867449240299   1.31730288643e-18   15.2623156346   9.9851087139   228.941661492   32.5019708965   7.1439356809e-35
7435.68992376   4.0   0.867050158493   1.31126591858e-18   15.3394010773   10.0561669385   230.968253169   32.5550044078   9.77775158728e-35
7472.61106886   4.0   0.866646419292   1.32072598518e-18   15.5365582822   10.2324680468   235.772872964   32.6565287575   1.33880854479e-34
7509.96180632   4.0   0.866238010142   1.36604650482e-18   16.011298052   10.6545124428   247.149220599   32.8728901707   1.8338627038e-34
7547.74708663   4.0   0.865824875213   1.44660147504e-18   16.7523331035   11.3196080697   265.247602875   33.2036203954   2.51289554705e-34
7585.97203962   4.0   0.865406887308   1.55694489529e-18   17.7052665374   12.1879924485   289.320671126   33.6328869339   3.44454707609e-34
7624.64175712   4.0   0.864984033973   1.66836902576e-18   18.6510061715   13.0645429903   314.193544059   34.0699759153   4.72313401983e-34
7663.76143257   4.0   0.864556248082   1.73289051261e-18   19.2555571099   13.6333289145   330.726851424   34.3630152411   6.4782746592e-34
7703.3363291   4.0   0.864123546186   1.73728144211e-18   19.4406250365   13.811115644   336.10579752   34.4690192307   8.88811892106e-34
7743.37171024   4.0   0.863709838427   1.72268874295e-18   19.5008438478   13.8718100325   338.122572204   34.5214206217   1.21975323948e-33
7783.8729372   4.0   0.863314770141   1.69012897904e-18   19.4360065658   13.8149388225   336.731039871   34.5187841426   1.6743105817e-33
7824.84855365   4.0   0.862915052812   1.56969931649e-18   18.7120143947   13.1412057525   317.565891825   34.2213637641   2.29880779276e-33
7866.31869196   4.0   0.862510553206   1.37570021134e-18   17.3539244205   11.8955084686   282.731168451   33.656564866   3.15725870509e-33
7908.30641954   4.0   0.862101010018   1.23524741019e-18   16.3341386326   10.98102195   257.894079746   33.2548581512   4.33814473267e-33
7950.81815064   4.0   0.861686328961   1.20352256439e-18   16.2117396927   10.8752078466   255.261167852   33.2334294264   5.96311466531e-33
7993.86043508   4.0   0.861266484702   1.23328100259e-18   16.6299333075   11.2511762844   265.729578097   33.437839285   8.19986206427e-33
8037.43995791   4.0   0.860841443604   1.26407726368e-18   17.0595582643   11.6403452964   276.673008345   33.6484632982   1.12795897438e-32
8081.56343901   4.0   0.860411005439   1.23560091688e-18   16.9656538447   11.5580973281   274.635740188   33.6360723955   1.55210935444e-32
8126.23766561   4.0   0.859975263539   1.14654685709e-18   16.3063643106   10.9698349385   258.729088738   33.3850363817   2.13639894412e-32
8171.46946032   4.0   0.859534074032   1.07684033157e-18   15.7934462541   10.5178621258   246.706164578   33.1993757152   2.9414534552e-32
8217.26581784   4.0   0.859198983239   1.11606354018e-18   16.3105160524   10.9881273399   259.625310636   33.4430995077   4.05088550854e-32
8263.63389612   4.0   0.858803373931   1.24959976698e-18   17.7140333584   12.2618171133   295.141463799   34.0675811101   5.58001369333e-32
8310.58075229   4.0   0.858402862641   1.36830931731e-18   18.9462889742   13.4069646412   328.12859215   34.6388228037   7.68787288302e-32
8358.11359414   4.0   0.857997335748   1.40613279131e-18   19.4504242711   13.8859224666   342.361672652   34.8936339621   1.05937867542e-31
8406.23984016   4.0   0.857586744528   1.4041498063e-18   19.6097938716   14.0424172928   347.23242192   34.9946423058   1.46002113125e-31
8454.96680377   4.0   0.857171016485   1.38797951954e-18   19.650360167   14.0866041945   348.826439886   35.0440173868   2.0124175949e-31
8504.30211329   4.0   0.856750137329   1.34736865206e-18   19.4654506959   13.9183042917   344.149259848   34.9912489098   2.77406664059e-31
8554.25330595   4.0   0.856323998423   1.27565604497e-18   18.9759198818   13.4655769737   331.156888921   34.8013865783   3.82422734451e-31
8604.82809574   4.0   0.855892511972   1.20004425518e-18   18.4201184526   12.9548806894   316.623208379   34.5848367972   5.27214028232e-31
8656.03431333   4.0   0.855472359014   1.16868103162e-18   18.2810062802   12.8334770794   313.398791508   34.5550241936   7.26833769293e-31
8707.87977678   4.0   0.855062069196   1.19956855901e-18   18.7674029056   13.2924521841   326.956125744   34.8030853183   1.00201965842e-30
8760.37253269   4.0   0.854646668763   1.24056741331e-18   19.3574411718   13.8520909931   343.647742805   35.0999417961   1.38133447106e-30
8813.52069118   4.0   0.854226084483   1.2566483966e-18   19.7000221741   14.1828050396   353.745164456   35.2867700103   1.90410660874e-30
8867.33244068   4.0   0.853800251387   1.2710823194e-18   20.0296937729   14.5028070523   363.610255638   35.4684928415   2.62447078293e-30
8921.81605573   4.0   0.853369068194   1.2700815763e-18   20.2068836308   14.6790834741   369.217595123   35.5809313555   3.61691677783e-30
8976.97990729   4.0   0.85293253124   1.19996662154e-18   19.6699796631   14.1789372952   354.494763957   35.3651604825   4.98390531955e-30
9032.83257414   4.0   0.852490543815   1.01244604715e-18   17.7918779285   12.4402045666   303.951547111   34.5590914312   6.86631943517e-30
9089.3826544   4.0   0.852043007051   7.57330433191e-19   14.8209421461   9.79952313202   231.086883147   33.352699812   9.45778460601e-30
9146.63886908   4.0   0.851588899149   5.70551732955e-19   12.3290358339   7.71720764601   176.988902353   32.4350127565   1.30242977551e-29
9204.6100212   4.0   0.851125975161   5.33688014042e-19   11.8827633291   7.36714929256   168.312128999   32.3067942555   1.79310998613e-29
9263.30503547   4.0   0.850657315879   6.45718203255e-19   13.6961101389   8.86769200612   207.038453151   33.0117753756   2.46794533489e-29
9322.73300256   4.0   0.850182793086   8.36067114377e-19   16.4597185383   11.281366612   272.540869911   34.1547761959   3.39569409575e-29
9382.90312849   4.0   0.849702362285   9.87236235377e-19   18.533803237   13.1836659445   327.194259039   35.0836562584   4.67061903875e-29
9443.82460895   4.0   0.849215907862   1.05770312014e-18   19.5689906357   14.1621269286   356.53721403   35.5847997016   6.42186803278e-29
9505.50687743   4.0   0.848723368542   1.06717617784e-18   19.8797767838   14.4653793926   366.04894522   35.7642004546   8.82628297794e-29
9567.9594533   4.0   0.848224683691   1.0333352249e-18   19.668544381   14.275233343   360.674007362   35.7042364214   1.21258532604e-28
9631.19197388   4.0   0.847719794436   9.70101382185e-19   19.0739124072   13.7254509544   344.564332896   35.4714002496   1.66514955189e-28
9695.21420694   4.0   0.847217872852   9.02425555226e-19   18.3691873935   13.0834483974   325.89993013   35.1921308461   2.28554197251e-28
9759.98036477   4.0   0.846710681867   8.49705061282e-19   17.8081896619   12.5811118972   311.468270543   34.9725154902   3.1346686402e-28
9825.36641553   4.0   0.846198652035   8.13506421528e-19   17.4456724455   12.2640227605   302.492994113   34.8387846785   4.29315007206e-28
9891.30151656   4.0   0.845682331325   7.72470970472e-19   16.9987202679   11.8714186193   291.437379251   34.6713244241   5.86924307218e-28
9957.79023206   4.0   0.845161689941   7.30621084834e-19   16.5177928898   11.4506134755   279.68310467   34.4914359398   8.00958768821e-28
10024.836968   4.0   0.844636662127   6.7883537421e-19   15.8572961792   10.8728811119   263.666674998   34.2395539995   1.09108947937e-27
10092.4468933   4.0   0.844107214137   6.32588797575e-19   15.2540657387   10.3517580117   249.436377147   34.0177882449   1.48365976127e-27
10160.6245775   4.0   0.843573329191   5.99082715464e-19   14.843374443   10.0030277215   240.112071248   33.8833411514   2.01387434009e-27
10229.3742174   4.0   0.843079805955   5.69139811676e-19   14.4747472627   9.69856416007   232.050996231   33.7733267675   2.72868972097e-27
10298.7014204   4.0   0.842570921685   5.38188883969e-19   14.0691941579   9.36319464273   223.222902234   33.6506459664   3.6906426493e-27
10368.6107771   4.0   0.842057767795   5.18251822756e-19   13.845457542   9.18549851494   218.671891949   33.6009158592   4.98283162142e-27
10439.1072769   4.0   0.841540311021   5.05412730165e-19   13.7453363015   9.11378539842   216.965918335   33.599795512   6.71549218446e-27
10510.1955662   4.0   0.841018498223   4.91301816063e-19   13.6166875578   9.0178609175   214.621229891   33.5888895694   9.03456597234e-27
10581.8805919   4.0   0.840492333116   4.78907715853e-19   13.5157151989   8.94560328603   212.914716077   33.5896257566   1.21329238002e-26
10654.1679937   4.0   0.839961747623   4.67025393079e-19   13.4191666615   8.87723507879   211.313549165   33.5924158238   1.62650155311e-26
10727.0618166   4.0   0.839426676463   4.46042438627e-19   13.130292823   8.6467052082   205.403516074   33.5219523531   2.17657479037e-26
10800.5675732   4.0   0.838912098371   4.27780063231e-19   12.8849709971   8.45614071462   200.565504046   33.4710009204   2.90753287836e-26
10874.690872   4.0   0.838399564007   4.11062937096e-19   12.6637024127   8.28662409682   196.307388286   33.4321954209   3.87712245405e-26
10949.4367499   4.0   0.837882785216   3.90346686286e-19   12.3419869388   8.03424277269   189.895223696   33.3576651171   5.16094395114e-26
11024.8097813   4.0   0.837361638427   3.63723113346e-19   11.8653179025   7.65645500784   180.252763901   33.2277143247   6.85778140856e-26
11100.8155114   4.0   0.836836113111   3.32706234897e-19   11.2535393005   7.1739847271   167.996729997   33.0526055134   9.09650830954e-26
11177.4600148   4.0   0.836306171965   3.08802274495e-19   10.7864326387   6.81338335919   158.987011577   32.9370646092   1.20449468112e-25
11254.7478463   4.0   0.835771782082   3.04437857473e-19   10.8060356149   6.8405742242   159.907269059   32.9979304844   1.59211401334e-25
11332.6845772   4.0   0.835232914551   3.11879369937e-19   11.1333898955   7.11338941847   167.129639342   33.1677094531   2.10079748043e-25
11411.2757633   4.0   0.83470658682   3.21097169195e-19   11.5100249132   7.43002911712   175.55697961   33.3578962045   2.76717430936e-25
11490.5269831   4.0   0.834179353051   3.30586909183e-19   11.8955322302   7.75808357361   184.363923822   33.5525928381   3.63858653057e-25
11570.4432612   4.0   0.83364768217   3.43749096395e-19   12.3760838108   8.1692325485   195.452142063   33.7829835702   4.77610057605e-25
11651.0154604   4.0   0.833111662006   3.55239121175e-19   12.8025377857   8.54116312457   205.565592074   33.9864784509   6.25804995815e-25
11732.1058368   4.0   0.832572187434   3.56076309536e-19   12.9465716396   8.67826247064   209.401311493   34.0762320035   8.18139997358e-25
11813.5999837   4.0   0.832030008398   3.41440361525e-19   12.6849845364   8.47283079794   204.040841911   34.0113210065   1.06679798854e-24
11895.4999835   4.0   0.831485158274   3.2175944554e-19   12.2721679725   8.1421109549   195.361610249   33.8896168183   1.38744682942e-24
11977.8083246   4.0   0.830937581672   3.07577698478e-19   11.9925176256   7.92451066908   189.730612739   33.8189447085   1.79988212514e-24
12060.5264783   4.0   0.830393389236   2.95965891367e-19   11.7742015826   7.75777801192   185.47961776   33.7716232842   2.32904385416e-24
12143.6565474   4.0   0.829844948298   2.78248885586e-19   11.3665068076   7.43692068027   177.204175606   33.6573070927   3.00628501576e-24
12227.2004567   4.0   0.829293750513   2.51587683992e-19   10.6632091644   6.88128826839   162.924198696   33.4440249432   3.87091887624e-24
12311.1608793   4.0   0.828739849418   2.28955439477e-19   10.0454441209   6.40336645978   150.81113212   33.2684401833   4.97213291337e-24
12395.5396197   4.0   0.828183159705   2.2733323903e-19   10.096618723   6.45563079246   152.307124029   33.3270569135   6.3713005318e-24
12480.3383579   4.0   0.827623685235   2.52806407935e-19   11.0372102834   7.22043301842   172.249314155   33.6993817165   8.14482538944e-24
12565.5595575   4.0   0.827061474762   2.90826668238e-19   12.3487625354   8.31804383696   201.448765255   34.2125161143   1.03876237746e-23
12651.2058059   4.0   0.826496419316   3.33132907514e-19   13.7452260476   9.52783939018   234.541452548   34.7761072742   1.32173302504e-23
12737.2784122   4.0   0.825883333138   3.64049429625e-19   14.776599447   10.4501876489   260.497457387   35.2152256588   1.67793435696e-23
12823.7796744   4.0   0.825265677226   3.74313933099e-19   15.2137757985   10.8566100052   272.188646846   35.4175786329   2.12530625749e-23
12910.7118948   4.0   0.824644962483   3.71427725063e-19   15.2775238714   10.9300841199   274.402446413   35.4648237666   2.68593097558e-23
12998.0772443   4.0   0.824021135382   3.6146968843e-19   15.1337326443   10.8171265923   271.272060774   35.4254708906   3.38692866149e-23
13085.8775782   4.0   0.823394213332   3.47505989668e-19   14.8628792235   10.5905878729   264.915637573   35.3344578882   4.26153140789e-23
13174.1150809   4.0   0.822764142392   3.23716049028e-19   14.2777362328   10.0862532934   250.759606995   35.1176361003   5.35037917354e-23
13262.7927823   4.0   0.822130961115   2.95371437542e-19   13.5148807315   9.43216194168   232.631231806   34.8369283525   6.70307666332e-23
13351.9119197   4.0   0.821494614259   2.76489556609e-19   13.0246664626   9.02201776694   221.46036443   34.6706653685   8.37999863902e-23
13441.4748857   4.0   0.820731709338   2.69466391013e-19   12.9188328304   8.94452635544   219.465643808   34.6564835969   1.04545260526e-22
13531.484515   4.0   0.819955930411   2.58874629852e-19   12.6619910719   8.73872683771   213.875438947   34.5695733207   1.30156596537e-22
13621.751798   4.0   0.81917793436   2.50373326669e-19   12.4503320738   8.57323310683   209.317516012   34.4864514558   1.616372829e-22
13712.0876862   4.0   0.818399357572   2.46989507169e-19   12.4140793268   8.55753601462   208.817529159   34.4677586721   2.00149055537e-22
13802.4496601   4.0   0.817620541481   2.46333448265e-19   12.4763601872   8.62573762732   210.598508338   34.487494887   2.47105981511e-22
13892.8381941   4.0   0.816841514623   2.40886295416e-19   12.3561187288   8.53824291441   208.137163742   34.4342483382   3.04197881767e-22
13983.2528448   4.0   0.816062245408   2.23402098231e-19   11.7669973042   8.05409832881   194.997214341   34.1999564787   3.73418876751e-22
14073.6934859   4.0   0.815282779632   2.14173901421e-19   11.4784810287   7.82650976556   188.824866535   34.0809174347   4.57116774116e-22
14164.1605222   4.0   0.81425420168   2.06693864725e-19   11.2498524098   7.64943969456   184.009179605   33.9853062717   5.58049108744e-22
14254.6546068   4.0   0.813251661476   1.9941209702e-19   11.0339446519   7.48300689488   179.55841929   33.9052327407   6.79446465718e-22
14345.1742299   4.0   0.812248788842   1.93490746784e-19   10.8740817058   7.36305240369   176.383048987   33.8526251261   8.2508032135e-22
14435.7202065   4.0   0.811245685985   1.89801474527e-19   10.8032482007   7.31668052015   175.147977788   33.8330617783   9.99350014899e-22
14526.2930261   4.0   0.810242241023   1.86330636556e-19   10.7357680944   7.2731488422   173.975009595   33.8120690676   1.20737119917e-21
14616.8923403   4.0   0.809238501875   1.81561393314e-19   10.5982718824   7.17239633045   171.261759755   33.7567540025   1.45507674374e-21
14707.5181679   4.0   0.808234479869   1.7678388154e-19   10.4510769011   7.06397412919   168.341336396   33.6948647353   1.74933438306e-21
14798.1705273   4.0   0.807230182357   1.72080789509e-19   10.3026231295   6.9546616008   165.410953612   33.6331936687   2.09807530932e-21
14888.8487825   4.0   0.806165313309   1.67475798802e-19   10.1532352811   6.84459036095   162.469406428   33.5716970109   2.5104354369e-21
14979.553911   4.0   0.804898299753   1.62755682286e-19   9.99238923495   6.72495711681   159.271321997   33.5046179052   2.99692692407e-21
15070.2859736   4.0   0.803630918161   1.57523149247e-19   9.80193212447   6.58163023032   155.479606288   33.4275637061   3.56960766742e-21
15161.0439751   4.0   0.802363166585   1.51502484901e-19   9.56762344926   6.403468938   150.820334334   33.3363798961   4.242275616e-21
15251.8289199   4.0   0.801095036607   1.44859406367e-19   9.29674715713   6.1968372178   145.477671061   33.2361082013   5.03071150143e-21
15342.64084   4.0   0.799826556254   1.38039263149e-19   9.00937386274   5.97830051758   139.878917354   33.1336676951   5.95290472921e-21
15433.4794124   4.0   0.798557661646   1.3136540147e-19   8.7132343012   5.75458046029   134.162550571   33.0236228355   7.02932492412e-21
15524.2392486   4.0   0.79728989491   1.25162202057e-19   8.42624917325   5.53977733437   128.686249224   32.912415249   8.28165973712e-21
15614.822903   4.0   0.796024581736   1.2010922717e-19   8.18556447833   5.36243298809   124.155539219   32.8123457207   9.73383609303e-21
15705.2090115   4.0   0.794681300642   1.17041766545e-19   8.04382211379   5.26192095987   121.545422192   32.7450958629   1.14134903046e-20
15795.3979416   4.0   0.793195457705   1.16301916922e-19   8.02671580301   5.25696344232   121.302669901   32.7202394186   1.33518729923e-20
15885.3904213   4.0   0.791712851331   1.17375592582e-19   8.10875189881   5.32845966736   122.958572773   32.7315283831   1.55839068164e-20
15975.1868105   4.0   0.790233501501   1.19283612094e-19   8.23924914186   5.43763431124   125.575215232   32.7665332537   1.81485210062e-20
16064.787841   4.0   0.788757357205   1.21254689913e-19   8.37402017196   5.55053578025   128.306520896   32.8078349258   2.10890452876e-20
16154.1931694   4.0   0.787284428302   1.23046608513e-19   8.49847036962   5.65576540251   130.864702129   32.8489945126   2.44535613935e-20
16243.4039183   4.0   0.785814694869   1.24980952936e-19   8.62767314097   5.76512060671   133.539782012   32.8942653869   2.82954183598e-20
16332.420041   4.0   0.784348188621   1.27362447884e-19   8.7741430494   5.88870288483   136.569942382   32.9442693656   3.26735914336e-20
16421.2419707   4.0   0.782884873545   1.29536734874e-19   8.90602221131   6.0011446753   139.338573109   32.9919706405   3.76532269762e-20
16509.8707532   4.0   0.781424734713   1.30408705318e-19   8.96655099521   6.05670787903   140.711328558   33.0210904129   4.33061802071e-20
16598.3067234   4.0   0.779746688711   1.29801940787e-19   8.94631326112   6.04591920855   140.459744147   33.0284287268   4.97114845247e-20
16686.549915   4.0   0.778130705972   1.28281211055e-19   8.87645672573   5.99552895921   139.245082423   33.0262806624   5.69559318766e-20
16774.6010756   4.0   0.7765182653   1.26219665086e-19   8.77523291334   5.91985619601   137.434234301   33.0218326347   6.51347615726e-20
16862.4605303   4.0   0.774909338059   1.23718659831e-19   8.64720979928   5.82275819658   135.124776578   33.0167942916   7.43522131426e-20
16950.1290308   4.0   0.773303904462   1.20963871557e-19   8.5007740571   5.71114580632   132.487066881   33.0134721876   8.47222796556e-20
17037.606173   4.0   0.771701980651   1.18300436708e-19   8.35456859197   5.59983174835   129.896897619   33.0200436289   9.63692223821e-20
17124.8931527   4.0   0.7701035197   1.16032921969e-19   8.22696232332   5.50317255544   127.715332187   33.0443108383   1.0942865309e-19
17211.9905647   4.0   0.768508544597   1.14205378849e-19   8.1211888617   5.42351499551   126.001952922   33.0884263174   1.24048056667e-19
17298.898438   4.0   0.766917038413   1.12565964655e-19   8.02168383284   5.34859840517   124.45156329   33.1476930326   1.40387559368e-19
17385.5962813   4.0   0.765327747099   1.10770074596e-19   7.90587698198   5.26099135368   122.618149421   33.2118756039   1.5861627987e-19
17472.0168526   4.0   0.763656637694   1.08654491297e-19   7.76682998031   5.15456247508   120.376738858   33.2828262765   1.78904064261e-19
17558.1396451   4.0   0.761991281064   1.06318867893e-19   7.61150618206   5.03576003678   117.881646059   33.3668058365   2.01441077802e-19
17643.9652366   4.0   0.760331681012   1.0396754348e-19   7.45111007775   4.91338095528   115.348143855   33.4678791698   2.2643622114e-19
17729.4944088   4.0   0.758677809718   1.01729608592e-19   7.2932291483   4.7932465706   112.924192432   33.5907766519   2.54113762487e-19
17814.7289547   4.0   0.757029624716   9.96346353602e-20   7.1399824798   4.67695299429   110.649282991   33.7375409344   2.84714449175e-19
17899.6694351   4.0   0.755387138145   9.76947322301e-20   6.99230887435   4.56517302989   108.540557204   33.9099982111   3.18495563293e-19
17984.3173866   4.0   0.75375029818   9.59704515558e-20   6.84882925291   4.45699309116   106.551380979   34.1016491619   3.5573251119e-19
18068.6733587   4.0   0.75211910632   9.45770046768e-20   6.71718126013   4.35798518615   104.828665169   34.3176664216   3.96718865727e-19
18152.7381412   4.0   0.75049357394   9.36344679282e-20   6.6081460842   4.27584727902   103.586661904   34.5676486353   4.41767659846e-19
18236.5127776   4.0   0.748873622655   9.31888377541e-20   6.52510000554   4.21278101945   102.895475871   34.8561770667   4.91212294075e-19
18319.9990699   4.0   0.747259231538   9.31758199009e-20   6.46274170679   4.16474061548   102.653347213   35.1804396356   5.4540780763e-19
18403.1975463   4.0   0.745640124445   9.34707534028e-20   6.41243988164   4.12506514001   102.717760288   35.5390675192   6.04730482901e-19
18486.1090026   4.0   0.744029364553   9.39545532094e-20   6.36908750806   4.09020724499   102.980249935   35.9334509178   6.69579568857e-19
18568.7352455   4.0   0.74242415736   9.4507464867e-20   6.32537331868   4.05479910847   103.312485927   36.3641034439   7.40378907487e-19
18651.0767875   4.0   0.740824484383   9.49600790952e-20   6.2746998624   4.01405482642   103.604315306   36.8369299788   8.17575973119e-19
18733.1336589   4.0   0.739230341474   9.50894737327e-20   6.20644441324   3.96042884404   103.660575239   37.3560064027   9.01643099421e-19
18814.9082072   4.0   0.737641676765   9.46831973976e-20   6.10567332429   3.88369237762   103.158494845   37.9097050606   9.93081373253e-19
18896.4011637   4.0   0.736058490845   9.36195766903e-20   5.96525744324   3.77932331335   101.9386149   38.4961468472   1.09241766429e-18
18977.6141107   4.0   0.734480729296   9.19120543398e-20   5.78552449439   3.64826403678   99.9813249147   39.1136744848   1.20020812377e-18
19058.5467567   4.0   0.73290842669   8.96931795805e-20   5.57229115955   3.49538441314   97.3618335951   39.7551983814   1.31703546555e-18
19139.2004638   4.0   0.731341553418   8.71522940923e-20   5.33999663243   3.33114680941   94.3741633528   40.4356012431   1.44351445321e-18
19219.5764929   4.0   0.729748757879   8.44811296433e-20   5.10258876552   3.16517746826   91.2852837709   41.1673940179   1.58029069659e-18
19299.7041397   4.0   0.728224909846   8.18562534237e-20   4.8689428606   3.00401185765   88.3095712032   41.958209389   1.7280954814e-18
19379.6246629   4.0   0.726704993016   7.94261796832e-20   4.65192048211   2.85569219355   85.7037147643   42.8310089284   1.88773540956e-18
19459.3488704   4.0   0.72518880914   7.72706708679e-20   4.45144472654   2.71995631948   83.4290581995   43.7707271885   2.06001111663e-18
19538.8772152   4.0   0.723676338064   7.5370106837e-20   4.26518174711   2.59500070947   81.4245276377   44.7716993687   2.24574416662e-18
19618.2097155   4.0   0.722167617433   7.36459082673e-20   4.0891381228   2.4779824002   79.6051511287   45.8337630252   2.44579547647e-18
19697.3463891   4.0   0.720662616352   7.20473574859e-20   3.86843378534   2.33468896206   76.2294787566   46.5793104488   2.6610673178e-18
19776.2888476   4.0   0.71916129743   7.05891538193e-20   3.62569729734   2.1795078218   71.9264114034   47.0744481911   2.89250932634e-18
19855.0367274   4.0   0.717663671174   6.93007545762e-20   3.39444762969   2.03310232027   67.7292560117   47.5146737037   3.14110982181e-18
19933.5906393   4.0   0.716169753   6.81582371153e-20   3.17834622455   1.89740684061   63.7847647561   47.9426361304   3.40790513015e-18


