3000.000000 9.82819e-22
3010.000000 1.03214e-21
3020.000000 1.08266e-21
3030.000000 1.13428e-21
3040.000000 1.18701e-21
3050.000000 1.24073e-21
3060.000000 1.29541e-21
3070.000000 1.35099e-21
3080.000000 1.40735e-21
3090.000000 1.46448e-21
3100.000000 1.52226e-21
3110.000000 1.58062e-21
3120.000000 1.63951e-21
3130.000000 1.69878e-21
3140.000000 1.75842e-21
3150.000000 1.8183e-21
3160.000000 1.87834e-21
3170.000000 1.93848e-21
3180.000000 1.99858e-21
3190.000000 2.05862e-21
3200.000000 2.11847e-21
3210.000000 2.17804e-21
3220.000000 2.2373e-21
3230.000000 2.2961e-21
3240.000000 2.35443e-21
3250.000000 2.41215e-21
3260.000000 2.46921e-21
3270.000000 2.52557e-21
3280.000000 2.5811e-21
3290.000000 2.6358e-21
3300.000000 2.68955e-21
3310.000000 2.74233e-21
3320.000000 2.79408e-21
3330.000000 2.84472e-21
3340.000000 2.89425e-21
3350.000000 2.94259e-21
3360.000000 2.98972e-21
3370.000000 3.03561e-21
3380.000000 3.08022e-21
3390.000000 3.12353e-21
3400.000000 3.16552e-21
3410.000000 3.20617e-21
3420.000000 3.24547e-21
3430.000000 3.28342e-21
3440.000000 3.32001e-21
3450.000000 3.35524e-21
3460.000000 3.38912e-21
3470.000000 3.42165e-21
3480.000000 3.45286e-21
3490.000000 3.48275e-21
3500.000000 3.51136e-21
3510.000000 3.53869e-21
3520.000000 3.56478e-21
3530.000000 3.58966e-21
3540.000000 3.61335e-21
3550.000000 3.63591e-21
3560.000000 3.65737e-21
3570.000000 3.67774e-21
3580.000000 3.69711e-21
3590.000000 3.71548e-21
3600.000000 3.73293e-21
3610.000000 3.74949e-21
3620.000000 3.7652e-21
3630.000000 3.78013e-21
3640.000000 3.7943e-21
3650.000000 3.80779e-21
3660.000000 3.82064e-21
3670.000000 3.83288e-21
3680.000000 3.84459e-21
3690.000000 3.85578e-21
3700.000000 3.86653e-21
3710.000000 3.87688e-21
3720.000000 3.88686e-21
3730.000000 3.89655e-21
3740.000000 3.90595e-21
3750.000000 3.91513e-21
3760.000000 3.92413e-21
3770.000000 3.93297e-21
3780.000000 3.94171e-21
3790.000000 3.95036e-21
3800.000000 3.95897e-21
3810.000000 3.96758e-21
3820.000000 3.97619e-21
3830.000000 3.98486e-21
3840.000000 3.9936e-21
3850.000000 4.00244e-21
3860.000000 4.0114e-21
3870.000000 4.02049e-21
3880.000000 4.02975e-21
3890.000000 4.03919e-21
3900.000000 4.04882e-21
3910.000000 4.05867e-21
3920.000000 4.06873e-21
3930.000000 4.07904e-21
3940.000000 4.08959e-21
3950.000000 4.10041e-21
3960.000000 4.1115e-21
3970.000000 4.12286e-21
3980.000000 4.13452e-21
3990.000000 4.14647e-21
4000.000000 4.15873e-21
4010.000000 4.1713e-21
4020.000000 4.18418e-21
4030.000000 4.19739e-21
4040.000000 4.21093e-21
4050.000000 4.22481e-21
4060.000000 4.23903e-21
4070.000000 4.25359e-21
4080.000000 4.2685e-21
4090.000000 4.28377e-21
4100.000000 4.2994e-21
4110.000000 4.31539e-21
4120.000000 4.33174e-21
4130.000000 4.34847e-21
4140.000000 4.36557e-21
4150.000000 4.38304e-21
4160.000000 4.4009e-21
4170.000000 4.41913e-21
4180.000000 4.43775e-21
4190.000000 4.45675e-21
4200.000000 4.47614e-21
4210.000000 4.49592e-21
4220.000000 4.51609e-21
4230.000000 4.53665e-21
4240.000000 4.5576e-21
4250.000000 4.57895e-21
4260.000000 4.60068e-21
4270.000000 4.62281e-21
4280.000000 4.64533e-21
4290.000000 4.66824e-21
4300.000000 4.69155e-21
4310.000000 4.71525e-21
4320.000000 4.73933e-21
4330.000000 4.76381e-21
4340.000000 4.78867e-21
4350.000000 4.81393e-21
4360.000000 4.83956e-21
4370.000000 4.86559e-21
4380.000000 4.89199e-21
4390.000000 4.91878e-21
4400.000000 4.94595e-21
4410.000000 4.9735e-21
4420.000000 5.00142e-21
4430.000000 5.02971e-21
4440.000000 5.05837e-21
4450.000000 5.0874e-21
4460.000000 5.11679e-21
4470.000000 5.14654e-21
4480.000000 5.17665e-21
4490.000000 5.20711e-21
4500.000000 5.23792e-21
4510.000000 5.26906e-21
4520.000000 5.30055e-21
4530.000000 5.33237e-21
4540.000000 5.36452e-21
4550.000000 5.39698e-21
4560.000000 5.42976e-21
4570.000000 5.46285e-21
4580.000000 5.49624e-21
4590.000000 5.52993e-21
4600.000000 5.5639e-21
4610.000000 5.59815e-21
4620.000000 5.63268e-21
4630.000000 5.66747e-21
4640.000000 5.70252e-21
4650.000000 5.73782e-21
4660.000000 5.77335e-21
4670.000000 5.80913e-21
4680.000000 5.84512e-21
4690.000000 5.88133e-21
4700.000000 5.91775e-21
4710.000000 5.95436e-21
4720.000000 5.99116e-21
4730.000000 6.02812e-21
4740.000000 6.06525e-21
4750.000000 6.10252e-21
4760.000000 6.13992e-21
4770.000000 6.17744e-21
4780.000000 6.21504e-21
4790.000000 6.25271e-21
4800.000000 6.29042e-21
4810.000000 6.32814e-21
4820.000000 6.36585e-21
4830.000000 6.40348e-21
4840.000000 6.44102e-21
4850.000000 6.47839e-21
4860.000000 6.51556e-21
4870.000000 6.55246e-21
4880.000000 6.58899e-21
4890.000000 6.62512e-21
4900.000000 6.66072e-21
4910.000000 6.69572e-21
4920.000000 6.73003e-21
4930.000000 6.76348e-21
4940.000000 6.79604e-21
4950.000000 6.82748e-21
4960.000000 6.85771e-21
4970.000000 6.88663e-21
4980.000000 6.91399e-21
4990.000000 6.93974e-21
5000.000000 6.96363e-21
5010.000000 6.98554e-21
5020.000000 7.00535e-21
5030.000000 7.02279e-21
5040.000000 7.03783e-21
5050.000000 7.05022e-21
5060.000000 7.05986e-21
5070.000000 7.06666e-21
5080.000000 7.07042e-21
5090.000000 7.07112e-21
5100.000000 7.06865e-21
5110.000000 7.06296e-21
5120.000000 7.05404e-21
5130.000000 7.04189e-21
5140.000000 7.02651e-21
5150.000000 7.00802e-21
5160.000000 6.98647e-21
5170.000000 6.96198e-21
5180.000000 6.93482e-21
5190.000000 6.90501e-21
5200.000000 6.87297e-21
5210.000000 6.83888e-21
5220.000000 6.80295e-21
5230.000000 6.76572e-21
5240.000000 6.72725e-21
5250.000000 6.68817e-21
5260.000000 6.64875e-21
5270.000000 6.60928e-21
5280.000000 6.57043e-21
5290.000000 6.53227e-21
5300.000000 6.49549e-21
5310.000000 6.46038e-21
5320.000000 6.42718e-21
5330.000000 6.39654e-21
5340.000000 6.3685e-21
5350.000000 6.34359e-21
5360.000000 6.32202e-21
5370.000000 6.30395e-21
5380.000000 6.28975e-21
5390.000000 6.27945e-21
5400.000000 6.27325e-21
5410.000000 6.27124e-21
5420.000000 6.27342e-21
5430.000000 6.27981e-21
5440.000000 6.2904e-21
5450.000000 6.30504e-21
5460.000000 6.32366e-21
5470.000000 6.34615e-21
5480.000000 6.37218e-21
5490.000000 6.40172e-21
5500.000000 6.43436e-21
5510.000000 6.46992e-21
5520.000000 6.50818e-21
5530.000000 6.54866e-21
5540.000000 6.59129e-21
5550.000000 6.63553e-21
5560.000000 6.68118e-21
5570.000000 6.72799e-21
5580.000000 6.77543e-21
5590.000000 6.82345e-21
5600.000000 6.87154e-21
5610.000000 6.91948e-21
5620.000000 6.96708e-21
5630.000000 7.01388e-21
5640.000000 7.05985e-21
5650.000000 7.10458e-21
5660.000000 7.14793e-21
5670.000000 7.18976e-21
5680.000000 7.22977e-21
5690.000000 7.26792e-21
5700.000000 7.30402e-21
5710.000000 7.33796e-21
5720.000000 7.36971e-21
5730.000000 7.39914e-21
5740.000000 7.42625e-21
5750.000000 7.45103e-21
5760.000000 7.47348e-21
5770.000000 7.49363e-21
5780.000000 7.51158e-21
5790.000000 7.52734e-21
5800.000000 7.54111e-21
5810.000000 7.55298e-21
5820.000000 7.56306e-21
5830.000000 7.57165e-21
5840.000000 7.57878e-21
5850.000000 7.58482e-21
5860.000000 7.58994e-21
5870.000000 7.59432e-21
5880.000000 7.59839e-21
5890.000000 7.60222e-21
5900.000000 7.60628e-21
5910.000000 7.61078e-21
5920.000000 7.61593e-21
5930.000000 7.62225e-21
5940.000000 7.62979e-21
5950.000000 7.63906e-21
5960.000000 7.65027e-21
5970.000000 7.66362e-21
5980.000000 7.67961e-21
5990.000000 7.69827e-21
6000.000000 7.72005e-21
6010.000000 7.74511e-21
6020.000000 7.77361e-21
6030.000000 7.80592e-21
6040.000000 7.84205e-21
6050.000000 7.88226e-21
6060.000000 7.92667e-21
6070.000000 7.97533e-21
6080.000000 8.02838e-21
6090.000000 8.08581e-21
6100.000000 8.14764e-21
6110.000000 8.21386e-21
6120.000000 8.28441e-21
6130.000000 8.35915e-21
6140.000000 8.43805e-21
6150.000000 8.52083e-21
6160.000000 8.60736e-21
6170.000000 8.69749e-21
6180.000000 8.79079e-21
6190.000000 8.88721e-21
6200.000000 8.98626e-21
6210.000000 9.0877e-21
6220.000000 9.19131e-21
6230.000000 9.29652e-21
6240.000000 9.40326e-21
6250.000000 9.51096e-21
6260.000000 9.61936e-21
6270.000000 9.72823e-21
6280.000000 9.83702e-21
6290.000000 9.94567e-21
6300.000000 1.00537e-20
6310.000000 1.01609e-20
6320.000000 1.02671e-20
6330.000000 1.03719e-20
6340.000000 1.04754e-20
6350.000000 1.05771e-20
6360.000000 1.06771e-20
6370.000000 1.07751e-20
6380.000000 1.08712e-20
6390.000000 1.09652e-20
6400.000000 1.10571e-20
6410.000000 1.11469e-20
6420.000000 1.12347e-20
6430.000000 1.13203e-20
6440.000000 1.14038e-20
6450.000000 1.14854e-20
6460.000000 1.1565e-20
6470.000000 1.16427e-20
6480.000000 1.17187e-20
6490.000000 1.17928e-20
6500.000000 1.18653e-20
6510.000000 1.19361e-20
6520.000000 1.20055e-20
6530.000000 1.20733e-20
6540.000000 1.21398e-20
6550.000000 1.22049e-20
6560.000000 1.22688e-20
6570.000000 1.23314e-20
6580.000000 1.23927e-20
6590.000000 1.24526e-20
6600.000000 1.25123e-20
6610.000000 1.25721e-20
6620.000000 1.26304e-20
6630.000000 1.26831e-20
6640.000000 1.27345e-20
6650.000000 1.2884e-20
6660.000000 1.31722e-20
6670.000000 1.36376e-20
6680.000000 1.43741e-20
6690.000000 1.53718e-20
6700.000000 1.63161e-20
6710.000000 1.70784e-20
6720.000000 1.76887e-20
6730.000000 1.822e-20
6740.000000 1.86793e-20
6750.000000 1.91504e-20
6760.000000 1.96675e-20
6770.000000 2.023e-20
6780.000000 2.08368e-20
6790.000000 2.14879e-20
6800.000000 2.21822e-20
6810.000000 2.29193e-20
6820.000000 2.36577e-20
6830.000000 2.42956e-20
6840.000000 2.48271e-20
6850.000000 2.52267e-20
6860.000000 2.54838e-20
6870.000000 2.56306e-20
6880.000000 2.57457e-20
6890.000000 2.58362e-20
6900.000000 2.5977e-20
6910.000000 2.6199e-20
6920.000000 2.64952e-20
6930.000000 2.68489e-20
6940.000000 2.72548e-20
6950.000000 2.76101e-20
6960.000000 2.78727e-20
6970.000000 2.80617e-20
6980.000000 2.82234e-20
6990.000000 2.83681e-20
7000.000000 2.86782e-20
7010.000000 2.9228e-20
7020.000000 2.99982e-20
7030.000000 3.09414e-20
7040.000000 3.20494e-20
7050.000000 3.31917e-20
7060.000000 3.43147e-20
7070.000000 3.53843e-20
7080.000000 3.63166e-20
7090.000000 3.71091e-20
7100.000000 3.77837e-20
7110.000000 3.83498e-20
7120.000000 3.88942e-20
7130.000000 3.96296e-20
7140.000000 4.05677e-20
7150.000000 4.17563e-20
7160.000000 4.32148e-20
7170.000000 4.48881e-20
7180.000000 4.66414e-20
7190.000000 4.84619e-20
7200.000000 5.02055e-20
7210.000000 5.18132e-20
7220.000000 5.32956e-20
7230.000000 5.46787e-20
7240.000000 5.59633e-20
7250.000000 5.71444e-20
7260.000000 5.82199e-20
7270.000000 5.9167e-20
7280.000000 5.99299e-20
7290.000000 6.05097e-20
7300.000000 6.09876e-20
7310.000000 6.13968e-20
7320.000000 6.17627e-20
7330.000000 6.21472e-20
7340.000000 6.25484e-20
7350.000000 6.28601e-20
7360.000000 6.30386e-20
7370.000000 6.30425e-20
7380.000000 6.27702e-20
7390.000000 6.22194e-20
7400.000000 6.14368e-20
7410.000000 6.04417e-20
7420.000000 5.92956e-20
7430.000000 5.81491e-20
7440.000000 5.70142e-20
7450.000000 5.60057e-20
7460.000000 5.51704e-20
7470.000000 5.45349e-20
7480.000000 5.41641e-20
7490.000000 5.40631e-20
7500.000000 5.42808e-20
7510.000000 5.48372e-20
7520.000000 5.56783e-20
7530.000000 5.66718e-20
7540.000000 5.78048e-20
7550.000000 5.89245e-20
7560.000000 5.99686e-20
7570.000000 6.09186e-20
7580.000000 6.17294e-20
7590.000000 6.24014e-20
7600.000000 6.29888e-20
7610.000000 6.35138e-20
7620.000000 6.39872e-20
7630.000000 6.44355e-20
7640.000000 6.48619e-20
7650.000000 6.53111e-20
7660.000000 6.58014e-20
7670.000000 6.63835e-20
7680.000000 6.71814e-20
7690.000000 6.81976e-20
7700.000000 6.93607e-20
7710.000000 7.06416e-20
7720.000000 7.1979e-20
7730.000000 7.32229e-20
7740.000000 7.43633e-20
7750.000000 7.53342e-20
7760.000000 7.61082e-20
7770.000000 7.669e-20
7780.000000 7.70904e-20
7790.000000 7.73169e-20
7800.000000 7.75257e-20
7810.000000 7.77806e-20
7820.000000 7.80483e-20
7830.000000 7.82477e-20
7840.000000 7.83714e-20
7850.000000 7.83378e-20
7860.000000 7.81132e-20
7870.000000 7.77205e-20
7880.000000 7.72147e-20
7890.000000 7.66007e-20
7900.000000 7.59266e-20
7910.000000 7.52121e-20
7920.000000 7.44397e-20
7930.000000 7.35663e-20
7940.000000 7.25842e-20
7950.000000 7.13669e-20
7960.000000 6.98629e-20
7970.000000 6.80839e-20
7980.000000 6.60591e-20
7990.000000 6.38043e-20
8000.000000 6.16396e-20
8010.000000 5.96961e-20
8020.000000 5.80153e-20
8030.000000 5.66987e-20
8040.000000 5.57453e-20
8050.000000 5.50293e-20
8060.000000 5.44994e-20
8070.000000 5.4116e-20
8080.000000 5.37822e-20
8090.000000 5.34924e-20
8100.000000 5.32193e-20
8110.000000 5.29516e-20
8120.000000 5.26965e-20
8130.000000 5.24719e-20
8140.000000 5.22797e-20
8150.000000 5.2146e-20
8160.000000 5.20815e-20
8170.000000 5.20888e-20
8180.000000 5.21741e-20
8190.000000 5.23375e-20
8200.000000 5.25745e-20
8210.000000 5.28836e-20
8220.000000 5.32716e-20
8230.000000 5.37559e-20
8240.000000 5.43383e-20
8250.000000 5.50438e-20
8260.000000 5.58826e-20
8270.000000 5.68468e-20
8280.000000 5.79167e-20
8290.000000 5.90882e-20
8300.000000 6.02867e-20
8310.000000 6.14817e-20
8320.000000 6.26583e-20
8330.000000 6.378e-20
8340.000000 6.48473e-20
8350.000000 6.5909e-20
8360.000000 6.6985e-20
8370.000000 6.80721e-20
8380.000000 6.91626e-20
8390.000000 7.02526e-20
8400.000000 7.12631e-20
8410.000000 7.21617e-20
8420.000000 7.29512e-20
8430.000000 7.36385e-20
8440.000000 7.42278e-20
8450.000000 7.48016e-20
8460.000000 7.53938e-20
8470.000000 7.60192e-20
8480.000000 7.67143e-20
8490.000000 7.74797e-20
8500.000000 7.82916e-20
8510.000000 7.91405e-20
8520.000000 8.00114e-20
8530.000000 8.08676e-20
8540.000000 8.1707e-20
8550.000000 8.25153e-20
8560.000000 8.32867e-20
8570.000000 8.40332e-20
8580.000000 8.47842e-20
8590.000000 8.5543e-20
8600.000000 8.63569e-20
8610.000000 8.72452e-20
8620.000000 8.8213e-20
8630.000000 8.92724e-20
8640.000000 9.04232e-20
8650.000000 9.16452e-20
8660.000000 9.29301e-20
8670.000000 9.42743e-20
8680.000000 9.56686e-20
8690.000000 9.71125e-20
8700.000000 9.8601e-20
8710.000000 1.00132e-19
8720.000000 1.0169e-19
8730.000000 1.03238e-19
8740.000000 1.04772e-19
8750.000000 1.06253e-19
8760.000000 1.07663e-19
8770.000000 1.08999e-19
8780.000000 1.10245e-19
8790.000000 1.11402e-19
8800.000000 1.12465e-19
8810.000000 1.13433e-19
8820.000000 1.14302e-19
8830.000000 1.15059e-19
8840.000000 1.15705e-19
8850.000000 1.16242e-19
8860.000000 1.1667e-19
8870.000000 1.17003e-19
8880.000000 1.17271e-19
8890.000000 1.17477e-19
8900.000000 1.17626e-19
8910.000000 1.1772e-19
8920.000000 1.17761e-19
8930.000000 1.17754e-19
8940.000000 1.17698e-19
8950.000000 1.17595e-19
8960.000000 1.17444e-19
8970.000000 1.17241e-19
8980.000000 1.16974e-19
8990.000000 1.16645e-19
9000.000000 1.16295e-19
9010.000000 1.15943e-19
9020.000000 1.15608e-19
9030.000000 1.15345e-19
9040.000000 1.15152e-19
9050.000000 1.14966e-19
9060.000000 1.14763e-19
9070.000000 1.14489e-19
9080.000000 1.14018e-19
9090.000000 1.13339e-19
9100.000000 1.1236e-19
9110.000000 1.11045e-19
9120.000000 1.09385e-19
9130.000000 1.07359e-19
9140.000000 1.04969e-19
9150.000000 1.02282e-19
9160.000000 9.93245e-20
9170.000000 9.61471e-20
9180.000000 9.28751e-20
9190.000000 8.95191e-20
9200.000000 8.61843e-20
9210.000000 8.2914e-20
9220.000000 7.97283e-20
9230.000000 7.6677e-20
9240.000000 7.37654e-20
9250.000000 7.10613e-20
9260.000000 6.85923e-20
9270.000000 6.63897e-20
9280.000000 6.45298e-20
9290.000000 6.30141e-20
9300.000000 6.18008e-20
9310.000000 6.08727e-20
9320.000000 6.01925e-20
9330.000000 5.96689e-20
9340.000000 5.92964e-20
9350.000000 5.90427e-20
9360.000000 5.88948e-20
9370.000000 5.88553e-20
9380.000000 5.89308e-20
9390.000000 5.91214e-20
9400.000000 5.94285e-20
9410.000000 5.98525e-20
9420.000000 6.03877e-20
9430.000000 6.10207e-20
9440.000000 6.17505e-20
9450.000000 6.25755e-20
9460.000000 6.34948e-20
9470.000000 6.45266e-20
9480.000000 6.57151e-20
9490.000000 6.70653e-20
9500.000000 6.86425e-20
9510.000000 7.04736e-20
9520.000000 7.25686e-20
9530.000000 7.49522e-20
9540.000000 7.76249e-20
9550.000000 8.05763e-20
9560.000000 8.38022e-20
9570.000000 8.72918e-20
9580.000000 9.10191e-20
9590.000000 9.49797e-20
9600.000000 9.91091e-20
9610.000000 1.03381e-19
9620.000000 1.07749e-19
9630.000000 1.12104e-19
9640.000000 1.16434e-19
9650.000000 1.20624e-19
9660.000000 1.24624e-19
9670.000000 1.28402e-19
9680.000000 1.31881e-19
9690.000000 1.35054e-19
9700.000000 1.37904e-19
9710.000000 1.40421e-19
9720.000000 1.42614e-19
9730.000000 1.44503e-19
9740.000000 1.46088e-19
9750.000000 1.47381e-19
9760.000000 1.48386e-19
9770.000000 1.49099e-19
9780.000000 1.49508e-19
9790.000000 1.49614e-19
9800.000000 1.49426e-19
9810.000000 1.48948e-19
9820.000000 1.48198e-19
9830.000000 1.47223e-19
9840.000000 1.46025e-19
9850.000000 1.44641e-19
9860.000000 1.43082e-19
9870.000000 1.41361e-19
9880.000000 1.39502e-19
9890.000000 1.37512e-19
9900.000000 1.35465e-19
9910.000000 1.33395e-19
9920.000000 1.31352e-19
9930.000000 1.29457e-19
9940.000000 1.27723e-19
9950.000000 1.26252e-19
9960.000000 1.25088e-19
9970.000000 1.24251e-19
9980.000000 1.23794e-19
9990.000000 1.23719e-19
10000.000000 1.24011e-19
10010.000000 1.24666e-19
10020.000000 1.25652e-19
10030.000000 1.26896e-19
10040.000000 1.28389e-19
10050.000000 1.30042e-19
10060.000000 1.31821e-19
10070.000000 1.33692e-19
10080.000000 1.35578e-19
10090.000000 1.37472e-19
10100.000000 1.39309e-19
10110.000000 1.41063e-19
10120.000000 1.42712e-19
10130.000000 1.44202e-19
10140.000000 1.45527e-19
10150.000000 1.46634e-19
10160.000000 1.47498e-19
10170.000000 1.48105e-19
10180.000000 1.48418e-19
10190.000000 1.48435e-19
10200.000000 1.48168e-19
10210.000000 1.47621e-19
10220.000000 1.46819e-19
10230.000000 1.45817e-19
10240.000000 1.44622e-19
10250.000000 1.43303e-19
10260.000000 1.41889e-19
10270.000000 1.404e-19
10280.000000 1.38889e-19
10290.000000 1.37358e-19
10300.000000 1.35837e-19
10310.000000 1.34338e-19
10320.000000 1.32868e-19
10330.000000 1.31442e-19
10340.000000 1.30061e-19
10350.000000 1.28731e-19
10360.000000 1.27452e-19
10370.000000 1.26221e-19
10380.000000 1.25021e-19
10390.000000 1.23851e-19
10400.000000 1.22681e-19
10410.000000 1.21496e-19
10420.000000 1.20285e-19
10430.000000 1.19017e-19
10440.000000 1.17689e-19
10450.000000 1.16291e-19
10460.000000 1.14815e-19
10470.000000 1.13268e-19
10480.000000 1.11658e-19
10490.000000 1.09988e-19
10500.000000 1.08282e-19
10510.000000 1.06549e-19
10520.000000 1.048e-19
10530.000000 1.03058e-19
10540.000000 1.01327e-19
10550.000000 9.96158e-20
10560.000000 9.79307e-20
10570.000000 9.6268e-20
10580.000000 9.46192e-20
10590.000000 9.29835e-20
10600.000000 9.13477e-20
10610.000000 8.97062e-20
10620.000000 8.80605e-20
10630.000000 8.64138e-20
10640.000000 8.47677e-20
10650.000000 8.31504e-20
10660.000000 8.15736e-20
10670.000000 8.00549e-20
10680.000000 7.86367e-20
10690.000000 7.73229e-20
10700.000000 7.61558e-20
10710.000000 7.51528e-20
10720.000000 7.43269e-20
10730.000000 7.37099e-20
10740.000000 7.33036e-20
10750.000000 7.31169e-20
10760.000000 7.31532e-20
10770.000000 7.34024e-20
10780.000000 7.384e-20
10790.000000 7.44624e-20
10800.000000 7.52198e-20
10810.000000 7.60916e-20
10820.000000 7.70567e-20
10830.000000 7.80634e-20
10840.000000 7.91077e-20
10850.000000 8.01535e-20
10860.000000 8.1186e-20
10870.000000 8.21965e-20
10880.000000 8.31639e-20
10890.000000 8.40864e-20
10900.000000 8.49476e-20
10910.000000 8.57408e-20
10920.000000 8.64588e-20
10930.000000 8.7084e-20
10940.000000 8.76151e-20
10950.000000 8.80394e-20
10960.000000 8.83518e-20
10970.000000 8.8555e-20
10980.000000 8.86555e-20
10990.000000 8.8655e-20
11000.000000 8.85873e-20
11010.000000 8.84661e-20
11020.000000 8.8314e-20
11030.000000 8.81863e-20
11040.000000 8.80882e-20
11050.000000 8.80759e-20
11060.000000 8.81723e-20
11070.000000 8.83906e-20
11080.000000 8.87632e-20
11090.000000 8.92912e-20
11100.000000 8.99702e-20
11110.000000 9.07982e-20
11120.000000 9.17602e-20
11130.000000 9.28195e-20
11140.000000 9.39722e-20
11150.000000 9.51665e-20
11160.000000 9.63814e-20
11170.000000 9.7597e-20
11180.000000 9.87642e-20
11190.000000 9.98792e-20
11200.000000 1.00906e-19
11210.000000 1.01831e-19
11220.000000 1.02646e-19
11230.000000 1.03333e-19
11240.000000 1.03891e-19
11250.000000 1.04319e-19
11260.000000 1.04617e-19
11270.000000 1.04788e-19
11280.000000 1.04844e-19
11290.000000 1.04786e-19
11300.000000 1.04633e-19
11310.000000 1.04394e-19
11320.000000 1.04077e-19
11330.000000 1.03706e-19
11340.000000 1.03284e-19
11350.000000 1.02832e-19
11360.000000 1.02361e-19
11370.000000 1.01878e-19
11380.000000 1.01401e-19
11390.000000 1.00932e-19
11400.000000 1.0048e-19
11410.000000 1.00049e-19
11420.000000 9.96366e-20
11430.000000 9.92396e-20
11440.000000 9.88566e-20
11450.000000 9.84681e-20
11460.000000 9.80659e-20
11470.000000 9.76388e-20
11480.000000 9.71594e-20
11490.000000 9.66254e-20
11500.000000 9.60149e-20
11510.000000 9.5319e-20
11520.000000 9.45349e-20
11530.000000 9.36563e-20
11540.000000 9.26837e-20
11550.000000 9.16305e-20
11560.000000 9.05026e-20
11570.000000 8.93122e-20
11580.000000 8.809e-20
11590.000000 8.68389e-20
11600.000000 8.55956e-20
11610.000000 8.43753e-20
11620.000000 8.31903e-20
11630.000000 8.20706e-20
11640.000000 8.10184e-20
11650.000000 8.00479e-20
11660.000000 7.9165e-20
11670.000000 7.83679e-20
11680.000000 7.76521e-20
11690.000000 7.70166e-20
11700.000000 7.64423e-20
11710.000000 7.59214e-20
11720.000000 7.54438e-20
11730.000000 7.49854e-20
11740.000000 7.45439e-20
11750.000000 7.40999e-20
11760.000000 7.36454e-20
11770.000000 7.3177e-20
11780.000000 7.26865e-20
11790.000000 7.21737e-20
11800.000000 7.16431e-20
11810.000000 7.10963e-20
11820.000000 7.05388e-20
11830.000000 6.99836e-20
11840.000000 6.9432e-20
11850.000000 6.8898e-20
11860.000000 6.83875e-20
11870.000000 6.79025e-20
11880.000000 6.74485e-20
11890.000000 6.70252e-20
11900.000000 6.66228e-20
11910.000000 6.62373e-20
11920.000000 6.58599e-20
11930.000000 6.54692e-20
11940.000000 6.50632e-20
11950.000000 6.46199e-20
11960.000000 6.41302e-20
11970.000000 6.35896e-20
11980.000000 6.29873e-20
11990.000000 6.23228e-20
12000.000000 6.16002e-20
12010.000000 6.08213e-20
12020.000000 5.99923e-20
12030.000000 5.91289e-20
12040.000000 5.82326e-20
12050.000000 5.73254e-20
12060.000000 5.64162e-20
12070.000000 5.55156e-20
12080.000000 5.46492e-20
12090.000000 5.38193e-20
12100.000000 5.30526e-20
12110.000000 5.23601e-20
12120.000000 5.17506e-20
12130.000000 5.12456e-20
12140.000000 5.08465e-20
12150.000000 5.05619e-20
12160.000000 5.03952e-20
12170.000000 5.03424e-20
12180.000000 5.03935e-20
12190.000000 5.05469e-20
12200.000000 5.07747e-20
12210.000000 5.10655e-20
12220.000000 5.14035e-20
12230.000000 5.17496e-20
12240.000000 5.21006e-20
12250.000000 5.24222e-20
12260.000000 5.27004e-20
12270.000000 5.29312e-20
12280.000000 5.31046e-20
12290.000000 5.32206e-20
12300.000000 5.32926e-20
12310.000000 5.33259e-20
12320.000000 5.33266e-20
12330.000000 5.33098e-20
12340.000000 5.32765e-20
12350.000000 5.32351e-20
12360.000000 5.31891e-20
12370.000000 5.31416e-20
12380.000000 5.31007e-20
12390.000000 5.3067e-20
12400.000000 5.30503e-20
12410.000000 5.30545e-20
12420.000000 5.30831e-20
12430.000000 5.31445e-20
12440.000000 5.32394e-20
12450.000000 5.33725e-20
12460.000000 5.35457e-20
12470.000000 5.37593e-20
12480.000000 5.40136e-20
12490.000000 5.43087e-20
12500.000000 5.46419e-20
12510.000000 5.50122e-20
12520.000000 5.54188e-20
12530.000000 5.58594e-20
12540.000000 5.63338e-20
12550.000000 5.68416e-20
12560.000000 5.73825e-20
12570.000000 5.79565e-20
12580.000000 5.85627e-20
12590.000000 5.9201e-20
12600.000000 5.98676e-20
12610.000000 6.0561e-20
12620.000000 6.12777e-20
12630.000000 6.20095e-20
12640.000000 6.27554e-20
12650.000000 6.35033e-20
12660.000000 6.42483e-20
12670.000000 6.49846e-20
12680.000000 6.56978e-20
12690.000000 6.63867e-20
12700.000000 6.70373e-20
12710.000000 6.76437e-20
12720.000000 6.82016e-20
12730.000000 6.87003e-20
12740.000000 6.9139e-20
12750.000000 6.9513e-20
12760.000000 6.98203e-20
12770.000000 7.00621e-20
12780.000000 7.02411e-20
12790.000000 7.0358e-20
12800.000000 7.04229e-20
12810.000000 7.04401e-20
12820.000000 7.04159e-20
12830.000000 7.03652e-20
12840.000000 7.02895e-20
12850.000000 7.02032e-20
12860.000000 7.01119e-20
12870.000000 7.00184e-20
12880.000000 6.99291e-20
12890.000000 6.98441e-20
12900.000000 6.97581e-20
12910.000000 6.96688e-20
12920.000000 6.95697e-20
12930.000000 6.94451e-20
12940.000000 6.92931e-20
12950.000000 6.90923e-20
12960.000000 6.88337e-20
12970.000000 6.85094e-20
12980.000000 6.80996e-20
12990.000000 6.76029e-20
13000.000000 6.70095e-20
13010.000000 6.63154e-20
13020.000000 6.55229e-20
13030.000000 6.4638e-20
13040.000000 6.36618e-20
13050.000000 6.26161e-20
13060.000000 6.15098e-20
13070.000000 6.0356e-20
13080.000000 5.91872e-20
13090.000000 5.80064e-20
13100.000000 5.6848e-20
13110.000000 5.57261e-20
13120.000000 5.46519e-20
13130.000000 5.36531e-20
13140.000000 5.27316e-20
13150.000000 5.19025e-20
13160.000000 5.11718e-20
13170.000000 5.05401e-20
13180.000000 5.00085e-20
13190.000000 4.95769e-20
13200.000000 4.92362e-20
13210.000000 4.8983e-20
13220.000000 4.88118e-20
13230.000000 4.87094e-20
13240.000000 4.86745e-20
13250.000000 4.86939e-20
13260.000000 4.87621e-20
13270.000000 4.88744e-20
13280.000000 4.90192e-20
13290.000000 4.91955e-20
13300.000000 4.93929e-20
13310.000000 4.96073e-20
13320.000000 4.98339e-20
13330.000000 5.00618e-20
13340.000000 5.02898e-20
13350.000000 5.0505e-20
13360.000000 5.07023e-20
13370.000000 5.08762e-20
13380.000000 5.10139e-20
13390.000000 5.11142e-20
13400.000000 5.11668e-20
13410.000000 5.11674e-20
13420.000000 5.11141e-20
13430.000000 5.10017e-20
13440.000000 5.08301e-20
13450.000000 5.06005e-20
13460.000000 5.03134e-20
13470.000000 4.99719e-20
13480.000000 4.95832e-20
13490.000000 4.9148e-20
13500.000000 4.86784e-20
13510.000000 4.81793e-20
13520.000000 4.76571e-20
13530.000000 4.71275e-20
13540.000000 4.65921e-20
13550.000000 4.60694e-20
13560.000000 4.55668e-20
13570.000000 4.50923e-20
13580.000000 4.46646e-20
13590.000000 4.42856e-20
13600.000000 4.39715e-20
13610.000000 4.37292e-20
13620.000000 4.35629e-20
13630.000000 4.34838e-20
13640.000000 4.34922e-20
13650.000000 4.35916e-20
13660.000000 4.37833e-20
13670.000000 4.40653e-20
13680.000000 4.44327e-20
13690.000000 4.48845e-20
13700.000000 4.54083e-20
13710.000000 4.5999e-20
13720.000000 4.66491e-20
13730.000000 4.73411e-20
13740.000000 4.8073e-20
13750.000000 4.88252e-20
13760.000000 4.95896e-20
13770.000000 5.03581e-20
13780.000000 5.11115e-20
13790.000000 5.18482e-20
13800.000000 5.25511e-20
13810.000000 5.32132e-20
13820.000000 5.38298e-20
13830.000000 5.43889e-20
13840.000000 5.48899e-20
13850.000000 5.53292e-20
13860.000000 5.57054e-20
13870.000000 5.60205e-20
13880.000000 5.62795e-20
13890.000000 5.64832e-20
13900.000000 5.66419e-20
13910.000000 5.67599e-20
13920.000000 5.68417e-20
13930.000000 5.68981e-20
13940.000000 5.693e-20
13950.000000 5.69453e-20
13960.000000 5.69471e-20
13970.000000 5.69371e-20
13980.000000 5.69189e-20
13990.000000 5.6893e-20
14000.000000 5.686e-20
14010.000000 5.68204e-20
14020.000000 5.67738e-20
14030.000000 5.67193e-20
14040.000000 5.66568e-20
14050.000000 5.65849e-20
14060.000000 5.65028e-20
14070.000000 5.64097e-20
14080.000000 5.63038e-20
14090.000000 5.61849e-20
14100.000000 5.6051e-20
14110.000000 5.59015e-20
14120.000000 5.57356e-20
14130.000000 5.55517e-20
14140.000000 5.53497e-20
14150.000000 5.51284e-20
14160.000000 5.48873e-20
14170.000000 5.46265e-20
14180.000000 5.43455e-20
14190.000000 5.40445e-20
14200.000000 5.37248e-20
14210.000000 5.3387e-20
14220.000000 5.30325e-20
14230.000000 5.2665e-20
14240.000000 5.22847e-20
14250.000000 5.18971e-20
14260.000000 5.15043e-20
14270.000000 5.1109e-20
14280.000000 5.07172e-20
14290.000000 5.03295e-20
14300.000000 4.9952e-20
14310.000000 4.95871e-20
14320.000000 4.92373e-20
14330.000000 4.89081e-20
14340.000000 4.86001e-20
14350.000000 4.83188e-20
14360.000000 4.80662e-20
14370.000000 4.78443e-20
14380.000000 4.76579e-20
14390.000000 4.75072e-20
14400.000000 4.73951e-20
14410.000000 4.73229e-20
14420.000000 4.72902e-20
14430.000000 4.72971e-20
14440.000000 4.73431e-20
14450.000000 4.74245e-20
14460.000000 4.75396e-20
14470.000000 4.76855e-20
14480.000000 4.7855e-20
14490.000000 4.80473e-20
14500.000000 4.82537e-20
14510.000000 4.84704e-20
14520.000000 4.86938e-20
14530.000000 4.89154e-20
14540.000000 4.91345e-20
14550.000000 4.93447e-20
14560.000000 4.95435e-20
14570.000000 4.97296e-20
14580.000000 4.98997e-20
14590.000000 5.00538e-20
14600.000000 5.01914e-20
14610.000000 5.03124e-20
14620.000000 5.04175e-20
14630.000000 5.05085e-20
14640.000000 5.05857e-20
14650.000000 5.06523e-20
14660.000000 5.07099e-20
14670.000000 5.07603e-20
14680.000000 5.08081e-20
14690.000000 5.08537e-20
14700.000000 5.09015e-20
14710.000000 5.09533e-20
14720.000000 5.10098e-20
14730.000000 5.10728e-20
14740.000000 5.11423e-20
14750.000000 5.12159e-20
14760.000000 5.12925e-20
14770.000000 5.13697e-20
14780.000000 5.14419e-20
14790.000000 5.15084e-20
14800.000000 5.1563e-20
14810.000000 5.1603e-20
14820.000000 5.16265e-20
14830.000000 5.16286e-20
14840.000000 5.16088e-20
14850.000000 5.15636e-20
14860.000000 5.14912e-20
14870.000000 5.139e-20
14880.000000 5.12558e-20
14890.000000 5.10881e-20
14900.000000 5.08811e-20
14910.000000 5.06326e-20
14920.000000 5.034e-20
14930.000000 4.99971e-20
14940.000000 4.96031e-20
14950.000000 4.91531e-20
14960.000000 4.8645e-20
14970.000000 4.80777e-20
14980.000000 4.74493e-20
14990.000000 4.67596e-20
15000.000000 4.60105e-20
15010.000000 4.52028e-20
15020.000000 4.43387e-20
15030.000000 4.34243e-20
15040.000000 4.24601e-20
15050.000000 4.14555e-20
15060.000000 4.04142e-20
15070.000000 3.93408e-20
15080.000000 3.82469e-20
15090.000000 3.71336e-20
15100.000000 3.60136e-20
15110.000000 3.4892e-20
15120.000000 3.37743e-20
15130.000000 3.26736e-20
15140.000000 3.15909e-20
15150.000000 3.05386e-20
15160.000000 2.95218e-20
15170.000000 2.85448e-20
15180.000000 2.76183e-20
15190.000000 2.67429e-20
15200.000000 2.59266e-20
15210.000000 2.51725e-20
15220.000000 2.44824e-20
15230.000000 2.38609e-20
15240.000000 2.33082e-20
15250.000000 2.28257e-20
15260.000000 2.24138e-20
15270.000000 2.20724e-20
15280.000000 2.18003e-20
15290.000000 2.15975e-20
15300.000000 2.14621e-20
15310.000000 2.13933e-20
15320.000000 2.13906e-20
15330.000000 2.14526e-20
15340.000000 2.15791e-20
15350.000000 2.17701e-20
15360.000000 2.20254e-20
15370.000000 2.23448e-20
15380.000000 2.27273e-20
15390.000000 2.31728e-20
15400.000000 2.36769e-20
15410.000000 2.42378e-20
15420.000000 2.4852e-20
15430.000000 2.55104e-20
15440.000000 2.62121e-20
15450.000000 2.69455e-20
15460.000000 2.77058e-20
15470.000000 2.84881e-20
15480.000000 2.92805e-20
15490.000000 3.00821e-20
15500.000000 3.08825e-20
15510.000000 3.16777e-20
15520.000000 3.24644e-20
15530.000000 3.32351e-20
15540.000000 3.3989e-20
15550.000000 3.4721e-20
15560.000000 3.5429e-20
15570.000000 3.61115e-20
15580.000000 3.67654e-20
15590.000000 3.73903e-20
15600.000000 3.79841e-20
15610.000000 3.85457e-20
15620.000000 3.90747e-20
15630.000000 3.95694e-20
15640.000000 4.003e-20
15650.000000 4.04556e-20
15660.000000 4.08462e-20
15670.000000 4.12021e-20
15680.000000 4.15239e-20
15690.000000 4.18118e-20
15700.000000 4.2068e-20
15710.000000 4.22935e-20
15720.000000 4.24895e-20
15730.000000 4.26595e-20
15740.000000 4.28037e-20
15750.000000 4.29253e-20
15760.000000 4.30259e-20
15770.000000 4.31064e-20
15780.000000 4.31691e-20
15790.000000 4.32142e-20
15800.000000 4.32428e-20
15810.000000 4.32551e-20
15820.000000 4.32513e-20
15830.000000 4.32312e-20
15840.000000 4.31948e-20
15850.000000 4.3142e-20
15860.000000 4.30725e-20
15870.000000 4.29864e-20
15880.000000 4.28839e-20
15890.000000 4.2765e-20
15900.000000 4.26305e-20
15910.000000 4.24806e-20
15920.000000 4.23159e-20
15930.000000 4.21378e-20
15940.000000 4.19464e-20
15950.000000 4.17435e-20
15960.000000 4.15299e-20
15970.000000 4.13063e-20
15980.000000 4.10748e-20
15990.000000 4.08356e-20
16000.000000 4.05906e-20
16010.000000 4.03406e-20
16020.000000 4.00861e-20
16030.000000 3.98288e-20
16040.000000 3.95688e-20
16050.000000 3.93071e-20
16060.000000 3.90443e-20
16070.000000 3.87808e-20
16080.000000 3.85176e-20
16090.000000 3.82547e-20
16100.000000 3.79931e-20
16110.000000 3.77334e-20
16120.000000 3.74759e-20
16130.000000 3.72218e-20
16140.000000 3.69714e-20
16150.000000 3.67257e-20
16160.000000 3.64853e-20
16170.000000 3.62507e-20
16180.000000 3.60231e-20
16190.000000 3.58024e-20
16200.000000 3.55895e-20
16210.000000 3.53848e-20
16220.000000 3.51884e-20
16230.000000 3.50005e-20
16240.000000 3.48212e-20
16250.000000 3.46501e-20
16260.000000 3.4487e-20
16270.000000 3.43316e-20
16280.000000 3.41828e-20
16290.000000 3.40405e-20
16300.000000 3.3903e-20
16310.000000 3.37698e-20
16320.000000 3.364e-20
16330.000000 3.35115e-20
16340.000000 3.33843e-20
16350.000000 3.32561e-20
16360.000000 3.31263e-20
16370.000000 3.29941e-20
16380.000000 3.28583e-20
16390.000000 3.27187e-20
16400.000000 3.2575e-20
16410.000000 3.24273e-20
16420.000000 3.22759e-20
16430.000000 3.2122e-20
16440.000000 3.19657e-20
16450.000000 3.18088e-20
16460.000000 3.1652e-20
16470.000000 3.14959e-20
16480.000000 3.13418e-20
16490.000000 3.11898e-20
16500.000000 3.10398e-20
16510.000000 3.08919e-20
16520.000000 3.07454e-20
16530.000000 3.0599e-20
16540.000000 3.04524e-20
16550.000000 3.03038e-20
16560.000000 3.01522e-20
16570.000000 2.9997e-20
16580.000000 2.98369e-20
16590.000000 2.96716e-20
16600.000000 2.9501e-20
16610.000000 2.93249e-20
16620.000000 2.91437e-20
16630.000000 2.89585e-20
16640.000000 2.87695e-20
16650.000000 2.85783e-20
16660.000000 2.83857e-20
16670.000000 2.81924e-20
16680.000000 2.80001e-20
16690.000000 2.78088e-20
16700.000000 2.76196e-20
16710.000000 2.7433e-20
16720.000000 2.7249e-20
16730.000000 2.70681e-20
16740.000000 2.68904e-20
16750.000000 2.67162e-20
16760.000000 2.65455e-20
16770.000000 2.63785e-20
16780.000000 2.62156e-20
16790.000000 2.60569e-20
16800.000000 2.59027e-20
16810.000000 2.57531e-20
16820.000000 2.56082e-20
16830.000000 2.5468e-20
16840.000000 2.53326e-20
16850.000000 2.52016e-20
16860.000000 2.50751e-20
16870.000000 2.49529e-20
16880.000000 2.48344e-20
16890.000000 2.47196e-20
16900.000000 2.46078e-20
16910.000000 2.44988e-20
16920.000000 2.43923e-20
16930.000000 2.42872e-20
16940.000000 2.41837e-20
16950.000000 2.40807e-20
16960.000000 2.3978e-20
16970.000000 2.38753e-20
16980.000000 2.37719e-20
16990.000000 2.36678e-20
17000.000000 2.35625e-20
17010.000000 2.34561e-20
17020.000000 2.33484e-20
17030.000000 2.32396e-20
17040.000000 2.31295e-20
17050.000000 2.30185e-20
17060.000000 2.29067e-20
17070.000000 2.27942e-20
17080.000000 2.26816e-20
17090.000000 2.25688e-20
17100.000000 2.24567e-20
17110.000000 2.23454e-20
17120.000000 2.22354e-20
17130.000000 2.21276e-20
17140.000000 2.2022e-20
17150.000000 2.19197e-20
17160.000000 2.1821e-20
17170.000000 2.17261e-20
17180.000000 2.16359e-20
17190.000000 2.15503e-20
17200.000000 2.14695e-20
17210.000000 2.13935e-20
17220.000000 2.13224e-20
17230.000000 2.12556e-20
17240.000000 2.11932e-20
17250.000000 2.11344e-20
17260.000000 2.10789e-20
17270.000000 2.10263e-20
17280.000000 2.0976e-20
17290.000000 2.09277e-20
17300.000000 2.0881e-20
17310.000000 2.08355e-20
17320.000000 2.0791e-20
17330.000000 2.07472e-20
17340.000000 2.0704e-20
17350.000000 2.06611e-20
17360.000000 2.06183e-20
17370.000000 2.05755e-20
17380.000000 2.05324e-20
17390.000000 2.0489e-20
17400.000000 2.04448e-20
17410.000000 2.03999e-20
17420.000000 2.03541e-20
17430.000000 2.03073e-20
17440.000000 2.02596e-20
17450.000000 2.02111e-20
17460.000000 2.01618e-20
17470.000000 2.01121e-20
17480.000000 2.00622e-20
17490.000000 2.00124e-20
17500.000000 1.99629e-20
17510.000000 1.99141e-20
17520.000000 1.98661e-20
17530.000000 1.98191e-20
17540.000000 1.97731e-20
17550.000000 1.97283e-20
17560.000000 1.96845e-20
17570.000000 1.96417e-20
17580.000000 1.95999e-20
17590.000000 1.9559e-20
17600.000000 1.95189e-20
17610.000000 1.94796e-20
17620.000000 1.9441e-20
17630.000000 1.94031e-20
17640.000000 1.93658e-20
17650.000000 1.9329e-20
17660.000000 1.92925e-20
17670.000000 1.92563e-20
17680.000000 1.92199e-20
17690.000000 1.91834e-20
17700.000000 1.91459e-20
17710.000000 1.91074e-20
17720.000000 1.90674e-20
17730.000000 1.90252e-20
17740.000000 1.89806e-20
17750.000000 1.89331e-20
17760.000000 1.88822e-20
17770.000000 1.88279e-20
17780.000000 1.87696e-20
17790.000000 1.87075e-20
17800.000000 1.86417e-20
17810.000000 1.85722e-20
17820.000000 1.84996e-20
17830.000000 1.84246e-20
17840.000000 1.83474e-20
17850.000000 1.82694e-20
17860.000000 1.81912e-20
17870.000000 1.81133e-20
17880.000000 1.80373e-20
17890.000000 1.7963e-20
17900.000000 1.78915e-20
17910.000000 1.78229e-20
17920.000000 1.77574e-20
17930.000000 1.76948e-20
17940.000000 1.76352e-20
17950.000000 1.7578e-20
17960.000000 1.75229e-20
17970.000000 1.74696e-20
17980.000000 1.74173e-20
17990.000000 1.7366e-20
18000.000000 1.73149e-20
18010.000000 1.72638e-20
18020.000000 1.72125e-20
18030.000000 1.71606e-20
18040.000000 1.71081e-20
18050.000000 1.70548e-20
18060.000000 1.70006e-20
18070.000000 1.69457e-20
18080.000000 1.689e-20
18090.000000 1.68336e-20
18100.000000 1.67764e-20
18110.000000 1.67186e-20
18120.000000 1.66601e-20
18130.000000 1.66008e-20
18140.000000 1.65407e-20
18150.000000 1.64797e-20
18160.000000 1.64175e-20
18170.000000 1.63542e-20
18180.000000 1.62894e-20
18190.000000 1.62232e-20
18200.000000 1.61552e-20
18210.000000 1.60855e-20
18220.000000 1.60139e-20
18230.000000 1.59405e-20
18240.000000 1.58651e-20
18250.000000 1.5788e-20
18260.000000 1.57091e-20
18270.000000 1.56284e-20
18280.000000 1.55464e-20
18290.000000 1.54628e-20
18300.000000 1.53781e-20
18310.000000 1.52923e-20
18320.000000 1.52055e-20
18330.000000 1.51179e-20
18340.000000 1.50296e-20
18350.000000 1.49406e-20
18360.000000 1.4851e-20
18370.000000 1.47606e-20
18380.000000 1.46694e-20
18390.000000 1.45773e-20
18400.000000 1.4484e-20
18410.000000 1.43894e-20
18420.000000 1.42935e-20
18430.000000 1.41959e-20
18440.000000 1.40967e-20
18450.000000 1.3996e-20
18460.000000 1.38937e-20
18470.000000 1.37902e-20
18480.000000 1.3686e-20
18490.000000 1.35812e-20
18500.000000 1.3477e-20
18510.000000 1.33739e-20
18520.000000 1.32726e-20
18530.000000 1.31746e-20
18540.000000 1.30802e-20
18550.000000 1.29907e-20
18560.000000 1.29067e-20
18570.000000 1.28286e-20
18580.000000 1.27571e-20
18590.000000 1.26921e-20
18600.000000 1.26333e-20
18610.000000 1.25807e-20
18620.000000 1.25339e-20
18630.000000 1.24921e-20
18640.000000 1.24551e-20
18650.000000 1.24224e-20
18660.000000 1.23936e-20
18670.000000 1.23688e-20
18680.000000 1.23478e-20
18690.000000 1.23306e-20
18700.000000 1.23173e-20
18710.000000 1.23082e-20
18720.000000 1.23031e-20
18730.000000 1.2302e-20
18740.000000 1.23049e-20
18750.000000 1.23114e-20
18760.000000 1.23214e-20
18770.000000 1.23346e-20
18780.000000 1.23504e-20
18790.000000 1.23688e-20
18800.000000 1.23891e-20
18810.000000 1.24112e-20
18820.000000 1.24348e-20
18830.000000 1.24596e-20
18840.000000 1.24855e-20
18850.000000 1.25124e-20
18860.000000 1.254e-20
18870.000000 1.25684e-20
18880.000000 1.25972e-20
18890.000000 1.26266e-20
18900.000000 1.26563e-20
18910.000000 1.2686e-20
18920.000000 1.27159e-20
18930.000000 1.27455e-20
18940.000000 1.2775e-20
18950.000000 1.28041e-20
18960.000000 1.28327e-20
18970.000000 1.28609e-20
18980.000000 1.28887e-20
18990.000000 1.2916e-20
19000.000000 1.2943e-20
19010.000000 1.29698e-20
19020.000000 1.29963e-20
19030.000000 1.30229e-20
19040.000000 1.30495e-20
19050.000000 1.30763e-20
19060.000000 1.31034e-20
19070.000000 1.31309e-20
19080.000000 1.31589e-20
19090.000000 1.31874e-20
19100.000000 1.32166e-20
19110.000000 1.32465e-20
19120.000000 1.32772e-20
19130.000000 1.33087e-20
19140.000000 1.3341e-20
19150.000000 1.33742e-20
19160.000000 1.34083e-20
19170.000000 1.34433e-20
19180.000000 1.34793e-20
19190.000000 1.35163e-20
19200.000000 1.35543e-20
19210.000000 1.35934e-20
19220.000000 1.36335e-20
19230.000000 1.36747e-20
19240.000000 1.37168e-20
19250.000000 1.37598e-20
19260.000000 1.38034e-20
19270.000000 1.38476e-20
19280.000000 1.38917e-20
19290.000000 1.39359e-20
19300.000000 1.39796e-20
19310.000000 1.40225e-20
19320.000000 1.40645e-20
19330.000000 1.41049e-20
19340.000000 1.41438e-20
19350.000000 1.41808e-20
19360.000000 1.42158e-20
19370.000000 1.42486e-20
19380.000000 1.42791e-20
19390.000000 1.43073e-20
19400.000000 1.43332e-20
19410.000000 1.43568e-20
19420.000000 1.4378e-20
19430.000000 1.4397e-20
19440.000000 1.44137e-20
19450.000000 1.4428e-20
19460.000000 1.44399e-20
19470.000000 1.44494e-20
19480.000000 1.44561e-20
19490.000000 1.44601e-20
19500.000000 1.44611e-20
19510.000000 1.44589e-20
19520.000000 1.44535e-20
19530.000000 1.44444e-20
19540.000000 1.44318e-20
19550.000000 1.44153e-20
19560.000000 1.43949e-20
19570.000000 1.43706e-20
19580.000000 1.43423e-20
19590.000000 1.43101e-20
19600.000000 1.4274e-20
19610.000000 1.42342e-20
19620.000000 1.41909e-20
19630.000000 1.41442e-20
19640.000000 1.40945e-20
19650.000000 1.4042e-20
19660.000000 1.39872e-20
19670.000000 1.39303e-20
19680.000000 1.3872e-20
19690.000000 1.38123e-20
19700.000000 1.3752e-20
19710.000000 1.36914e-20
19720.000000 1.36307e-20
19730.000000 1.35704e-20
19740.000000 1.35105e-20
19750.000000 1.34513e-20
19760.000000 1.33929e-20
19770.000000 1.33351e-20
19780.000000 1.32779e-20
19790.000000 1.32212e-20
19800.000000 1.31648e-20
19810.000000 1.31085e-20
19820.000000 1.30525e-20
19830.000000 1.29967e-20
19840.000000 1.29413e-20
19850.000000 1.28868e-20
19860.000000 1.28334e-20
19870.000000 1.27816e-20
19880.000000 1.27322e-20
19890.000000 1.26855e-20
19900.000000 1.26421e-20
19910.000000 1.26023e-20
19920.000000 1.25661e-20
19930.000000 1.25335e-20
19940.000000 1.25044e-20
19950.000000 1.24778e-20
19960.000000 1.24531e-20
19970.000000 1.24299e-20
19980.000000 1.24065e-20
19990.000000 1.2383e-20
20000.000000 1.23579e-20
20010.000000 1.23309e-20
20020.000000 1.23018e-20
20030.000000 1.22699e-20
20040.000000 1.22353e-20
20050.000000 1.21981e-20
20060.000000 1.21584e-20
20070.000000 1.21164e-20
20080.000000 1.20725e-20
20090.000000 1.2027e-20
20100.000000 1.19803e-20
20110.000000 1.19329e-20
20120.000000 1.18849e-20
20130.000000 1.18367e-20
20140.000000 1.17883e-20
20150.000000 1.17398e-20
20160.000000 1.16912e-20
20170.000000 1.16421e-20
20180.000000 1.15922e-20
20190.000000 1.15413e-20
20200.000000 1.14887e-20
20210.000000 1.14342e-20
20220.000000 1.13774e-20
20230.000000 1.13179e-20
20240.000000 1.12557e-20
20250.000000 1.11905e-20
20260.000000 1.11225e-20
20270.000000 1.10517e-20
20280.000000 1.09783e-20
20290.000000 1.09025e-20
20300.000000 1.08248e-20
20310.000000 1.07453e-20
20320.000000 1.06643e-20
20330.000000 1.05824e-20
20340.000000 1.04997e-20
20350.000000 1.04168e-20
20360.000000 1.03339e-20
20370.000000 1.02513e-20
20380.000000 1.01696e-20
20390.000000 1.00888e-20
20400.000000 1.00095e-20
20410.000000 9.93196e-21
20420.000000 9.8563e-21
20430.000000 9.78302e-21
20440.000000 9.71217e-21
20450.000000 9.64411e-21
20460.000000 9.57898e-21
20470.000000 9.51692e-21
20480.000000 9.45818e-21
20490.000000 9.4028e-21
20500.000000 9.35102e-21
20510.000000 9.30295e-21
20520.000000 9.2587e-21
20530.000000 9.2186e-21
20540.000000 9.18268e-21
20550.000000 9.15141e-21
20560.000000 9.12497e-21
20570.000000 9.10363e-21
20580.000000 9.08802e-21
20590.000000 9.0782e-21
20600.000000 9.07485e-21
20610.000000 9.07823e-21
20620.000000 9.08851e-21
20630.000000 9.1061e-21
20640.000000 9.131e-21
20650.000000 9.16308e-21
20660.000000 9.20226e-21
20670.000000 9.24823e-21
20680.000000 9.30022e-21
20690.000000 9.35816e-21
20700.000000 9.42094e-21
20710.000000 9.48812e-21
20720.000000 9.55933e-21
20730.000000 9.63362e-21
20740.000000 9.71093e-21
20750.000000 9.79077e-21
20760.000000 9.87295e-21
20770.000000 9.95744e-21
20780.000000 1.00442e-20
20790.000000 1.01332e-20
20800.000000 1.02245e-20
20810.000000 1.03183e-20
20820.000000 1.04145e-20
20830.000000 1.05133e-20
20840.000000 1.06144e-20
20850.000000 1.0718e-20
20860.000000 1.08239e-20
20870.000000 1.09321e-20
20880.000000 1.10422e-20
20890.000000 1.11543e-20
20900.000000 1.12681e-20
20910.000000 1.13834e-20
20920.000000 1.15001e-20
20930.000000 1.16181e-20
20940.000000 1.17371e-20
20950.000000 1.18571e-20
20960.000000 1.19779e-20
20970.000000 1.20994e-20
20980.000000 1.22213e-20
20990.000000 1.23435e-20
21000.000000 1.24658e-20
21010.000000 1.25881e-20
21020.000000 1.271e-20
21030.000000 1.28313e-20
21040.000000 1.29519e-20
21050.000000 1.30712e-20
21060.000000 1.31892e-20
21070.000000 1.33056e-20
21080.000000 1.34199e-20
21090.000000 1.35322e-20
21100.000000 1.36418e-20
21110.000000 1.37486e-20
21120.000000 1.38525e-20
21130.000000 1.3953e-20
21140.000000 1.405e-20
21150.000000 1.41433e-20
21160.000000 1.42327e-20
21170.000000 1.4318e-20
21180.000000 1.43991e-20
21190.000000 1.44759e-20
21200.000000 1.45482e-20
21210.000000 1.4616e-20
21220.000000 1.46793e-20
21230.000000 1.4738e-20
21240.000000 1.47923e-20
21250.000000 1.48421e-20
21260.000000 1.48875e-20
21270.000000 1.49287e-20
21280.000000 1.49658e-20
21290.000000 1.4999e-20
21300.000000 1.50284e-20
21310.000000 1.50542e-20
21320.000000 1.50766e-20
21330.000000 1.50959e-20
21340.000000 1.51121e-20
21350.000000 1.51255e-20
21360.000000 1.51363e-20
21370.000000 1.51445e-20
21380.000000 1.51505e-20
21390.000000 1.51542e-20
21400.000000 1.51557e-20
21410.000000 1.51551e-20
21420.000000 1.51526e-20
21430.000000 1.5148e-20
21440.000000 1.51416e-20
21450.000000 1.51332e-20
21460.000000 1.5123e-20
21470.000000 1.5111e-20
21480.000000 1.50971e-20
21490.000000 1.50816e-20
21500.000000 1.50644e-20
21510.000000 1.50456e-20
21520.000000 1.50253e-20
21530.000000 1.50036e-20
21540.000000 1.49806e-20
21550.000000 1.49564e-20
21560.000000 1.49311e-20
21570.000000 1.49048e-20
21580.000000 1.48777e-20
21590.000000 1.48497e-20
21600.000000 1.48211e-20
21610.000000 1.47918e-20
21620.000000 1.4762e-20
21630.000000 1.47317e-20
21640.000000 1.47009e-20
21650.000000 1.46696e-20
21660.000000 1.46379e-20
21670.000000 1.46057e-20
21680.000000 1.4573e-20
21690.000000 1.45397e-20
21700.000000 1.45059e-20
21710.000000 1.44713e-20
21720.000000 1.4436e-20
21730.000000 1.43998e-20
21740.000000 1.43626e-20
21750.000000 1.43242e-20
21760.000000 1.42844e-20
21770.000000 1.42433e-20
21780.000000 1.42004e-20
21790.000000 1.41558e-20
21800.000000 1.41093e-20
21810.000000 1.40608e-20
21820.000000 1.40101e-20
21830.000000 1.39572e-20
21840.000000 1.39021e-20
21850.000000 1.38446e-20
21860.000000 1.37848e-20
21870.000000 1.37227e-20
21880.000000 1.36583e-20
21890.000000 1.35916e-20
21900.000000 1.35229e-20
21910.000000 1.34522e-20
21920.000000 1.33796e-20
21930.000000 1.33054e-20
21940.000000 1.32296e-20
21950.000000 1.31526e-20
21960.000000 1.30744e-20
21970.000000 1.29953e-20
21980.000000 1.29156e-20
21990.000000 1.28354e-20
22000.000000 1.2755e-20
22010.000000 1.26746e-20
22020.000000 1.25944e-20
22030.000000 1.25146e-20
22040.000000 1.24355e-20
22050.000000 1.23572e-20
22060.000000 1.22799e-20
22070.000000 1.22038e-20
22080.000000 1.21292e-20
22090.000000 1.20561e-20
22100.000000 1.19847e-20
22110.000000 1.19152e-20
22120.000000 1.18477e-20
22130.000000 1.17824e-20
22140.000000 1.17193e-20
22150.000000 1.16586e-20
22160.000000 1.16004e-20
22170.000000 1.15447e-20
22180.000000 1.14917e-20
22190.000000 1.14415e-20
22200.000000 1.13939e-20
22210.000000 1.13492e-20
22220.000000 1.13073e-20
22230.000000 1.12682e-20
22240.000000 1.12319e-20
22250.000000 1.11983e-20
22260.000000 1.11673e-20
22270.000000 1.11389e-20
22280.000000 1.11128e-20
22290.000000 1.10891e-20
22300.000000 1.10673e-20
22310.000000 1.10474e-20
22320.000000 1.10293e-20
22330.000000 1.10123e-20
22340.000000 1.09966e-20
22350.000000 1.09816e-20
22360.000000 1.09672e-20
22370.000000 1.0953e-20
22380.000000 1.09385e-20
22390.000000 1.09237e-20
22400.000000 1.0908e-20
22410.000000 1.0891e-20
22420.000000 1.08727e-20
22430.000000 1.08524e-20
22440.000000 1.08303e-20
22450.000000 1.0806e-20
22460.000000 1.07795e-20
22470.000000 1.07508e-20
22480.000000 1.07204e-20
22490.000000 1.06881e-20
22500.000000 1.06547e-20
22510.000000 1.06204e-20
22520.000000 1.05855e-20
22530.000000 1.05509e-20
22540.000000 1.05167e-20
22550.000000 1.04834e-20
22560.000000 1.04513e-20
22570.000000 1.04205e-20
22580.000000 1.03913e-20
22590.000000 1.03636e-20
22600.000000 1.03373e-20
22610.000000 1.03125e-20
22620.000000 1.0289e-20
22630.000000 1.02666e-20
22640.000000 1.02452e-20
22650.000000 1.02249e-20
22660.000000 1.02054e-20
22670.000000 1.01867e-20
22680.000000 1.01689e-20
22690.000000 1.01519e-20
22700.000000 1.01358e-20
22710.000000 1.01206e-20
22720.000000 1.01064e-20
22730.000000 1.0093e-20
22740.000000 1.00806e-20
22750.000000 1.00691e-20
22760.000000 1.00586e-20
22770.000000 1.00489e-20
22780.000000 1.004e-20
22790.000000 1.00319e-20
22800.000000 1.00245e-20
22810.000000 1.00177e-20
22820.000000 1.00115e-20
22830.000000 1.00058e-20
22840.000000 1.00006e-20
22850.000000 9.99592e-21
22860.000000 9.99166e-21
22870.000000 9.98785e-21
22880.000000 9.98449e-21
22890.000000 9.98157e-21
22900.000000 9.97909e-21
22910.000000 9.97704e-21
22920.000000 9.97539e-21
22930.000000 9.9741e-21
22940.000000 9.97315e-21
22950.000000 9.97241e-21
22960.000000 9.97183e-21
22970.000000 9.97132e-21
22980.000000 9.97065e-21
22990.000000 9.96982e-21
23000.000000 9.96853e-21
23010.000000 9.96668e-21
23020.000000 9.96412e-21
23030.000000 9.96053e-21
23040.000000 9.95588e-21
23050.000000 9.94981e-21
23060.000000 9.94216e-21
23070.000000 9.93276e-21
23080.000000 9.92123e-21
23090.000000 9.90751e-21
23100.000000 9.8912e-21
23110.000000 9.8721e-21
23120.000000 9.85007e-21
23130.000000 9.82473e-21
23140.000000 9.79606e-21
23150.000000 9.76389e-21
23160.000000 9.72814e-21
23170.000000 9.68891e-21
23180.000000 9.64644e-21
23190.000000 9.60077e-21
23200.000000 9.55266e-21
23210.000000 9.5024e-21
23220.000000 9.45047e-21
23230.000000 9.39801e-21
23240.000000 9.34514e-21
23250.000000 9.29306e-21
23260.000000 9.24225e-21
23270.000000 9.19309e-21
23280.000000 9.14642e-21
23290.000000 9.10231e-21
23300.000000 9.06105e-21
23310.000000 9.02277e-21
23320.000000 8.98738e-21
23330.000000 8.95465e-21
23340.000000 8.92456e-21
23350.000000 8.8966e-21
23360.000000 8.87057e-21
23370.000000 8.84623e-21
23380.000000 8.82307e-21
23390.000000 8.80104e-21
23400.000000 8.77972e-21
23410.000000 8.75895e-21
23420.000000 8.73864e-21
23430.000000 8.71852e-21
23440.000000 8.69859e-21
23450.000000 8.67873e-21
23460.000000 8.65888e-21
23470.000000 8.63904e-21
23480.000000 8.61915e-21
23490.000000 8.59922e-21
23500.000000 8.57924e-21
23510.000000 8.55923e-21
23520.000000 8.53918e-21
23530.000000 8.5191e-21
23540.000000 8.49898e-21
23550.000000 8.47884e-21
23560.000000 8.45867e-21
23570.000000 8.43848e-21
23580.000000 8.41827e-21
23590.000000 8.39806e-21
23600.000000 8.37784e-21
23610.000000 8.35764e-21
23620.000000 8.33745e-21
23630.000000 8.31731e-21
23640.000000 8.2972e-21
23650.000000 8.27716e-21
23660.000000 8.25719e-21
23670.000000 8.23731e-21
23680.000000 8.21754e-21
23690.000000 8.19788e-21
23700.000000 8.17837e-21
23710.000000 8.15901e-21
23720.000000 8.13981e-21
23730.000000 8.12081e-21
23740.000000 8.10201e-21
23750.000000 8.08343e-21
23760.000000 8.06508e-21
23770.000000 8.04699e-21
23780.000000 8.02917e-21
23790.000000 8.01162e-21
23800.000000 7.99438e-21
23810.000000 7.97745e-21
23820.000000 7.96084e-21
23830.000000 7.94457e-21
23840.000000 7.92864e-21
23850.000000 7.91308e-21
23860.000000 7.89789e-21
23870.000000 7.88307e-21
23880.000000 7.86865e-21
23890.000000 7.85462e-21
23900.000000 7.84099e-21
23910.000000 7.82778e-21
23920.000000 7.81497e-21
23930.000000 7.80258e-21
23940.000000 7.79061e-21
23950.000000 7.77907e-21
23960.000000 7.76795e-21
23970.000000 7.75725e-21
23980.000000 7.74698e-21
23990.000000 7.73714e-21
24000.000000 7.72771e-21
24010.000000 7.71872e-21
24020.000000 7.71014e-21
24030.000000 7.70197e-21
24040.000000 7.69422e-21
24050.000000 7.68688e-21
24060.000000 7.67997e-21
24070.000000 7.67345e-21
24080.000000 7.66722e-21
24090.000000 7.6613e-21
24100.000000 7.65618e-21
24110.000000 7.65203e-21
24120.000000 7.64771e-21
24130.000000 7.6404e-21
24140.000000 7.63006e-21
24150.000000 7.61822e-21
24160.000000 7.6055e-21
24170.000000 7.59221e-21
24180.000000 7.57909e-21
24190.000000 7.56617e-21
24200.000000 7.55332e-21
24210.000000 7.54047e-21
24220.000000 7.52762e-21
24230.000000 7.51481e-21
24240.000000 7.50201e-21
24250.000000 7.48923e-21
24260.000000 7.47646e-21
24270.000000 7.4637e-21
24280.000000 7.45093e-21
24290.000000 7.43817e-21
24300.000000 7.42541e-21
24310.000000 7.41265e-21
24320.000000 7.39988e-21
24330.000000 7.38711e-21
24340.000000 7.37433e-21
24350.000000 7.36154e-21
24360.000000 7.34875e-21
24370.000000 7.33596e-21
24380.000000 7.32316e-21
24390.000000 7.31035e-21
24400.000000 7.29754e-21
24410.000000 7.28472e-21
24420.000000 7.27191e-21
24430.000000 7.25909e-21
24440.000000 7.24628e-21
24450.000000 7.23347e-21
24460.000000 7.22066e-21
24470.000000 7.20786e-21
24480.000000 7.19507e-21
24490.000000 7.18229e-21
24500.000000 7.16951e-21
24510.000000 7.15676e-21
24520.000000 7.14401e-21
24530.000000 7.13128e-21
24540.000000 7.11857e-21
24550.000000 7.10588e-21
24560.000000 7.09321e-21
24570.000000 7.08056e-21
24580.000000 7.06793e-21
24590.000000 7.05532e-21
24600.000000 7.04273e-21
24610.000000 7.03017e-21
24620.000000 7.01763e-21
24630.000000 7.00512e-21
24640.000000 6.99263e-21
24650.000000 6.98016e-21
24660.000000 6.96772e-21
24670.000000 6.95529e-21
24680.000000 6.94289e-21
24690.000000 6.93051e-21
24700.000000 6.91814e-21
24710.000000 6.9058e-21
24720.000000 6.89346e-21
24730.000000 6.88114e-21
24740.000000 6.86883e-21
24750.000000 6.85653e-21
24760.000000 6.84424e-21
24770.000000 6.83194e-21
24780.000000 6.81965e-21
24790.000000 6.80735e-21
24800.000000 6.79505e-21
24810.000000 6.78273e-21
24820.000000 6.7704e-21
24830.000000 6.75805e-21
24840.000000 6.74568e-21
24850.000000 6.73328e-21
24860.000000 6.72084e-21
24870.000000 6.70838e-21
24880.000000 6.69586e-21
24890.000000 6.6833e-21
24900.000000 6.67069e-21
24910.000000 6.65802e-21
24920.000000 6.64529e-21
24930.000000 6.6325e-21
24940.000000 6.61963e-21
24950.000000 6.60668e-21
24960.000000 6.59364e-21
24970.000000 6.58052e-21
24980.000000 6.5673e-21
24990.000000 6.55399e-21
25000.000000 6.54057e-21
