3000.000000 1.33398e-20
3010.000000 1.3378e-20
3020.000000 1.34155e-20
3030.000000 1.34524e-20
3040.000000 1.34891e-20
3050.000000 1.35258e-20
3060.000000 1.35626e-20
3070.000000 1.35997e-20
3080.000000 1.36372e-20
3090.000000 1.36755e-20
3100.000000 1.37145e-20
3110.000000 1.37544e-20
3120.000000 1.37953e-20
3130.000000 1.38373e-20
3140.000000 1.38806e-20
3150.000000 1.39251e-20
3160.000000 1.3971e-20
3170.000000 1.40184e-20
3180.000000 1.40673e-20
3190.000000 1.41177e-20
3200.000000 1.41698e-20
3210.000000 1.42235e-20
3220.000000 1.42789e-20
3230.000000 1.4336e-20
3240.000000 1.43949e-20
3250.000000 1.44557e-20
3260.000000 1.45182e-20
3270.000000 1.45827e-20
3280.000000 1.4649e-20
3290.000000 1.47173e-20
3300.000000 1.47876e-20
3310.000000 1.48598e-20
3320.000000 1.4934e-20
3330.000000 1.50103e-20
3340.000000 1.50886e-20
3350.000000 1.51689e-20
3360.000000 1.52513e-20
3370.000000 1.53357e-20
3380.000000 1.54222e-20
3390.000000 1.55108e-20
3400.000000 1.56015e-20
3410.000000 1.56943e-20
3420.000000 1.57892e-20
3430.000000 1.58862e-20
3440.000000 1.59852e-20
3450.000000 1.60863e-20
3460.000000 1.61895e-20
3470.000000 1.62948e-20
3480.000000 1.64022e-20
3490.000000 1.65116e-20
3500.000000 1.6623e-20
3510.000000 1.67365e-20
3520.000000 1.6852e-20
3530.000000 1.69695e-20
3540.000000 1.7089e-20
3550.000000 1.72105e-20
3560.000000 1.7334e-20
3570.000000 1.74593e-20
3580.000000 1.75866e-20
3590.000000 1.77158e-20
3600.000000 1.78468e-20
3610.000000 1.79796e-20
3620.000000 1.81143e-20
3630.000000 1.82507e-20
3640.000000 1.83888e-20
3650.000000 1.85286e-20
3660.000000 1.867e-20
3670.000000 1.8813e-20
3680.000000 1.89575e-20
3690.000000 1.91035e-20
3700.000000 1.9251e-20
3710.000000 1.93999e-20
3720.000000 1.95501e-20
3730.000000 1.97016e-20
3740.000000 1.98543e-20
3750.000000 2.00082e-20
3760.000000 2.01632e-20
3770.000000 2.03192e-20
3780.000000 2.04762e-20
3790.000000 2.0634e-20
3800.000000 2.07927e-20
3810.000000 2.09521e-20
3820.000000 2.1112e-20
3830.000000 2.12723e-20
3840.000000 2.14329e-20
3850.000000 2.15936e-20
3860.000000 2.17541e-20
3870.000000 2.19141e-20
3880.000000 2.20734e-20
3890.000000 2.22316e-20
3900.000000 2.23881e-20
3910.000000 2.25427e-20
3920.000000 2.26946e-20
3930.000000 2.28434e-20
3940.000000 2.29881e-20
3950.000000 2.31283e-20
3960.000000 2.32628e-20
3970.000000 2.33909e-20
3980.000000 2.35116e-20
3990.000000 2.36239e-20
4000.000000 2.37267e-20
4010.000000 2.3819e-20
4020.000000 2.38996e-20
4030.000000 2.39675e-20
4040.000000 2.40218e-20
4050.000000 2.40613e-20
4060.000000 2.40855e-20
4070.000000 2.40934e-20
4080.000000 2.40846e-20
4090.000000 2.40586e-20
4100.000000 2.40154e-20
4110.000000 2.39551e-20
4120.000000 2.38779e-20
4130.000000 2.37846e-20
4140.000000 2.3676e-20
4150.000000 2.35532e-20
4160.000000 2.34178e-20
4170.000000 2.32715e-20
4180.000000 2.31163e-20
4190.000000 2.29544e-20
4200.000000 2.27882e-20
4210.000000 2.26201e-20
4220.000000 2.24529e-20
4230.000000 2.22892e-20
4240.000000 2.21317e-20
4250.000000 2.1983e-20
4260.000000 2.18456e-20
4270.000000 2.1722e-20
4280.000000 2.16141e-20
4290.000000 2.1524e-20
4300.000000 2.14532e-20
4310.000000 2.14031e-20
4320.000000 2.13744e-20
4330.000000 2.13681e-20
4340.000000 2.13841e-20
4350.000000 2.14225e-20
4360.000000 2.14827e-20
4370.000000 2.15642e-20
4380.000000 2.16656e-20
4390.000000 2.17859e-20
4400.000000 2.19234e-20
4410.000000 2.20764e-20
4420.000000 2.22429e-20
4430.000000 2.24211e-20
4440.000000 2.26088e-20
4450.000000 2.28039e-20
4460.000000 2.30044e-20
4470.000000 2.32081e-20
4480.000000 2.34129e-20
4490.000000 2.3617e-20
4500.000000 2.38185e-20
4510.000000 2.40157e-20
4520.000000 2.4207e-20
4530.000000 2.43908e-20
4540.000000 2.45661e-20
4550.000000 2.47316e-20
4560.000000 2.48865e-20
4570.000000 2.50299e-20
4580.000000 2.51614e-20
4590.000000 2.52806e-20
4600.000000 2.53874e-20
4610.000000 2.54817e-20
4620.000000 2.5564e-20
4630.000000 2.56346e-20
4640.000000 2.56943e-20
4650.000000 2.57439e-20
4660.000000 2.57844e-20
4670.000000 2.5817e-20
4680.000000 2.58433e-20
4690.000000 2.58646e-20
4700.000000 2.58827e-20
4710.000000 2.58993e-20
4720.000000 2.59164e-20
4730.000000 2.59358e-20
4740.000000 2.59595e-20
4750.000000 2.59896e-20
4760.000000 2.6028e-20
4770.000000 2.60768e-20
4780.000000 2.61379e-20
4790.000000 2.6213e-20
4800.000000 2.6304e-20
4810.000000 2.64125e-20
4820.000000 2.65399e-20
4830.000000 2.66877e-20
4840.000000 2.68567e-20
4850.000000 2.70481e-20
4860.000000 2.72623e-20
4870.000000 2.74999e-20
4880.000000 2.77609e-20
4890.000000 2.80453e-20
4900.000000 2.83525e-20
4910.000000 2.86819e-20
4920.000000 2.90324e-20
4930.000000 2.9403e-20
4940.000000 2.9792e-20
4950.000000 3.01977e-20
4960.000000 3.06183e-20
4970.000000 3.10516e-20
4980.000000 3.14955e-20
4990.000000 3.19478e-20
5000.000000 3.2406e-20
5010.000000 3.28681e-20
5020.000000 3.33317e-20
5030.000000 3.37948e-20
5040.000000 3.42553e-20
5050.000000 3.47114e-20
5060.000000 3.51616e-20
5070.000000 3.56044e-20
5080.000000 3.60387e-20
5090.000000 3.64634e-20
5100.000000 3.68779e-20
5110.000000 3.72816e-20
5120.000000 3.76742e-20
5130.000000 3.80556e-20
5140.000000 3.84258e-20
5150.000000 3.8785e-20
5160.000000 3.91335e-20
5170.000000 3.94715e-20
5180.000000 3.97996e-20
5190.000000 4.01182e-20
5200.000000 4.04277e-20
5210.000000 4.07287e-20
5220.000000 4.10216e-20
5230.000000 4.13068e-20
5240.000000 4.15849e-20
5250.000000 4.18564e-20
5260.000000 4.21209e-20
5270.000000 4.23783e-20
5280.000000 4.26323e-20
5290.000000 4.28871e-20
5300.000000 4.31268e-20
5310.000000 4.33359e-20
5320.000000 4.38988e-20
5330.000000 4.52002e-20
5340.000000 4.76039e-20
5350.000000 5.14739e-20
5360.000000 5.55927e-20
5370.000000 5.87427e-20
5380.000000 6.12068e-20
5390.000000 6.3268e-20
5400.000000 6.52499e-20
5410.000000 6.74765e-20
5420.000000 6.99433e-20
5430.000000 7.26457e-20
5440.000000 7.55799e-20
5450.000000 7.87423e-20
5460.000000 8.17387e-20
5470.000000 8.41755e-20
5480.000000 8.59531e-20
5490.000000 8.69723e-20
5500.000000 8.75375e-20
5510.000000 8.79531e-20
5520.000000 8.85098e-20
5530.000000 8.94983e-20
5540.000000 9.08537e-20
5550.000000 9.25116e-20
5560.000000 9.40741e-20
5570.000000 9.51433e-20
5580.000000 9.58989e-20
5590.000000 9.65204e-20
5600.000000 9.77132e-20
5610.000000 1.00183e-19
5620.000000 1.03745e-19
5630.000000 1.08217e-19
5640.000000 1.13092e-19
5650.000000 1.17865e-19
5660.000000 1.22211e-19
5670.000000 1.25807e-19
5680.000000 1.28738e-19
5690.000000 1.31091e-19
5700.000000 1.33689e-19
5710.000000 1.37355e-19
5720.000000 1.42273e-19
5730.000000 1.48629e-19
5740.000000 1.559e-19
5750.000000 1.63563e-19
5760.000000 1.71062e-19
5770.000000 1.77837e-19
5780.000000 1.83989e-19
5790.000000 1.89618e-19
5800.000000 1.94704e-19
5810.000000 1.99229e-19
5820.000000 2.02975e-19
5830.000000 2.05727e-19
5840.000000 2.07799e-19
5850.000000 2.09505e-19
5860.000000 2.11086e-19
5870.000000 2.12781e-19
5880.000000 2.14179e-19
5890.000000 2.14868e-19
5900.000000 2.14456e-19
5910.000000 2.12549e-19
5920.000000 2.0933e-19
5930.000000 2.04978e-19
5940.000000 2.00078e-19
5950.000000 1.95212e-19
5960.000000 1.90824e-19
5970.000000 1.87359e-19
5980.000000 1.85067e-19
5990.000000 1.842e-19
6000.000000 1.84947e-19
6010.000000 1.87497e-19
6020.000000 1.91339e-19
6030.000000 1.9596e-19
6040.000000 2.0077e-19
6050.000000 2.05176e-19
6060.000000 2.09005e-19
6070.000000 2.12083e-19
6080.000000 2.14617e-19
6090.000000 2.1682e-19
6100.000000 2.18793e-19
6110.000000 2.20639e-19
6120.000000 2.2253e-19
6130.000000 2.2464e-19
6140.000000 2.27449e-19
6150.000000 2.31437e-19
6160.000000 2.36328e-19
6170.000000 2.41846e-19
6180.000000 2.47411e-19
6190.000000 2.52442e-19
6200.000000 2.56681e-19
6210.000000 2.59873e-19
6220.000000 2.6206e-19
6230.000000 2.63283e-19
6240.000000 2.64148e-19
6250.000000 2.65258e-19
6260.000000 2.66299e-19
6270.000000 2.66957e-19
6280.000000 2.66915e-19
6290.000000 2.65857e-19
6300.000000 2.63997e-19
6310.000000 2.61549e-19
6320.000000 2.58699e-19
6330.000000 2.55635e-19
6340.000000 2.52189e-19
6350.000000 2.48195e-19
6360.000000 2.43164e-19
6370.000000 2.36605e-19
6380.000000 2.28632e-19
6390.000000 2.19358e-19
6400.000000 2.10021e-19
6410.000000 2.01861e-19
6420.000000 1.95272e-19
6430.000000 1.90646e-19
6440.000000 1.87498e-19
6450.000000 1.8534e-19
6460.000000 1.83798e-19
6470.000000 1.82497e-19
6480.000000 1.81331e-19
6490.000000 1.80193e-19
6500.000000 1.79153e-19
6510.000000 1.7828e-19
6520.000000 1.77674e-19
6530.000000 1.77436e-19
6540.000000 1.77591e-19
6550.000000 1.78162e-19
6560.000000 1.79134e-19
6570.000000 1.80488e-19
6580.000000 1.82293e-19
6590.000000 1.84613e-19
6600.000000 1.87547e-19
6610.000000 1.91191e-19
6620.000000 1.95468e-19
6630.000000 2.00305e-19
6640.000000 2.05411e-19
6650.000000 2.10499e-19
6660.000000 2.15426e-19
6670.000000 2.20053e-19
6680.000000 2.24567e-19
6690.000000 2.29158e-19
6700.000000 2.33794e-19
6710.000000 2.38447e-19
6720.000000 2.4281e-19
6730.000000 2.46577e-19
6740.000000 2.49776e-19
6750.000000 2.52432e-19
6760.000000 2.54866e-19
6770.000000 2.57398e-19
6780.000000 2.60169e-19
6790.000000 2.63319e-19
6800.000000 2.66758e-19
6810.000000 2.70393e-19
6820.000000 2.74083e-19
6830.000000 2.77687e-19
6840.000000 2.81149e-19
6850.000000 2.84415e-19
6860.000000 2.87598e-19
6870.000000 2.90811e-19
6880.000000 2.94238e-19
6890.000000 2.98061e-19
6900.000000 3.02328e-19
6910.000000 3.07086e-19
6920.000000 3.12257e-19
6930.000000 3.17763e-19
6940.000000 3.23569e-19
6950.000000 3.2964e-19
6960.000000 3.35957e-19
6970.000000 3.42501e-19
6980.000000 3.49125e-19
6990.000000 3.55685e-19
7000.000000 3.62027e-19
7010.000000 3.67999e-19
7020.000000 3.73546e-19
7030.000000 3.78615e-19
7040.000000 3.83193e-19
7050.000000 3.87267e-19
7060.000000 3.90791e-19
7070.000000 3.9372e-19
7080.000000 3.96063e-19
7090.000000 3.9783e-19
7100.000000 3.9914e-19
7110.000000 4.00116e-19
7120.000000 4.00779e-19
7130.000000 4.0115e-19
7140.000000 4.01247e-19
7150.000000 4.01087e-19
7160.000000 4.00672e-19
7170.000000 4.00005e-19
7180.000000 3.9904e-19
7190.000000 3.97732e-19
7200.000000 3.96245e-19
7210.000000 3.94742e-19
7220.000000 3.93425e-19
7230.000000 3.92498e-19
7240.000000 3.91717e-19
7250.000000 3.90841e-19
7260.000000 3.89375e-19
7270.000000 3.86825e-19
7280.000000 3.82837e-19
7290.000000 3.77056e-19
7300.000000 3.69404e-19
7310.000000 3.598e-19
7320.000000 3.485e-19
7330.000000 3.35758e-19
7340.000000 3.22059e-19
7350.000000 3.07887e-19
7360.000000 2.9365e-19
7370.000000 2.79756e-19
7380.000000 2.66396e-19
7390.000000 2.53765e-19
7400.000000 2.42122e-19
7410.000000 2.31732e-19
7420.000000 2.22889e-19
7430.000000 2.15889e-19
7440.000000 2.1057e-19
7450.000000 2.06769e-19
7460.000000 2.04133e-19
7470.000000 2.02309e-19
7480.000000 2.01172e-19
7490.000000 2.00599e-19
7500.000000 2.00613e-19
7510.000000 2.01241e-19
7520.000000 2.02487e-19
7530.000000 2.04355e-19
7540.000000 2.06792e-19
7550.000000 2.09746e-19
7560.000000 2.13209e-19
7570.000000 2.17175e-19
7580.000000 2.21814e-19
7590.000000 2.27299e-19
7600.000000 2.33881e-19
7610.000000 2.41815e-19
7620.000000 2.51195e-19
7630.000000 2.62118e-19
7640.000000 2.74542e-19
7650.000000 2.88428e-19
7660.000000 3.03673e-19
7670.000000 3.20176e-19
7680.000000 3.37688e-19
7690.000000 3.55956e-19
7700.000000 3.74552e-19
7710.000000 3.93049e-19
7720.000000 4.10993e-19
7730.000000 4.27928e-19
7740.000000 4.43551e-19
7750.000000 4.57557e-19
7760.000000 4.6987e-19
7770.000000 4.80415e-19
7780.000000 4.89267e-19
7790.000000 4.96502e-19
7800.000000 5.02162e-19
7810.000000 5.06289e-19
7820.000000 5.08842e-19
7830.000000 5.09777e-19
7840.000000 5.0913e-19
7850.000000 5.06939e-19
7860.000000 5.03379e-19
7870.000000 4.9863e-19
7880.000000 4.92824e-19
7890.000000 4.86094e-19
7900.000000 4.78541e-19
7910.000000 4.70264e-19
7920.000000 4.61562e-19
7930.000000 4.52733e-19
7940.000000 4.44253e-19
7950.000000 4.36598e-19
7960.000000 4.3017e-19
7970.000000 4.25374e-19
7980.000000 4.2241e-19
7990.000000 4.21482e-19
8000.000000 4.22535e-19
8010.000000 4.25517e-19
8020.000000 4.30137e-19
8030.000000 4.36107e-19
8040.000000 4.43084e-19
8050.000000 4.50726e-19
8060.000000 4.58729e-19
8070.000000 4.6679e-19
8080.000000 4.74658e-19
8090.000000 4.82085e-19
8100.000000 4.8886e-19
8110.000000 4.94775e-19
8120.000000 4.99615e-19
8130.000000 5.03167e-19
8140.000000 5.05288e-19
8150.000000 5.05832e-19
8160.000000 5.04843e-19
8170.000000 5.02366e-19
8180.000000 4.98622e-19
8190.000000 4.93832e-19
8200.000000 4.88266e-19
8210.000000 4.82192e-19
8220.000000 4.7581e-19
8230.000000 4.69318e-19
8240.000000 4.6283e-19
8250.000000 4.56457e-19
8260.000000 4.50263e-19
8270.000000 4.44309e-19
8280.000000 4.38615e-19
8290.000000 4.33199e-19
8300.000000 4.28006e-19
8310.000000 4.2298e-19
8320.000000 4.18002e-19
8330.000000 4.12949e-19
8340.000000 4.07703e-19
8350.000000 4.02146e-19
8360.000000 3.96229e-19
8370.000000 3.89906e-19
8380.000000 3.83215e-19
8390.000000 3.76195e-19
8400.000000 3.68942e-19
8410.000000 3.61547e-19
8420.000000 3.54106e-19
8430.000000 3.46714e-19
8440.000000 3.39414e-19
8450.000000 3.32251e-19
8460.000000 3.25193e-19
8470.000000 3.18207e-19
8480.000000 3.11243e-19
8490.000000 3.04249e-19
8500.000000 2.97238e-19
8510.000000 2.90222e-19
8520.000000 2.83313e-19
8530.000000 2.76619e-19
8540.000000 2.70306e-19
8550.000000 2.64539e-19
8560.000000 2.59481e-19
8570.000000 2.55296e-19
8580.000000 2.52108e-19
8590.000000 2.5004e-19
8600.000000 2.49126e-19
8610.000000 2.494e-19
8620.000000 2.50765e-19
8630.000000 2.53127e-19
8640.000000 2.56291e-19
8650.000000 2.60065e-19
8660.000000 2.64248e-19
8670.000000 2.6864e-19
8680.000000 2.73102e-19
8690.000000 2.77492e-19
8700.000000 2.81729e-19
8710.000000 2.85732e-19
8720.000000 2.89436e-19
8730.000000 2.92778e-19
8740.000000 2.9569e-19
8750.000000 2.98104e-19
8760.000000 2.99971e-19
8770.000000 3.01242e-19
8780.000000 3.01942e-19
8790.000000 3.02098e-19
8800.000000 3.01838e-19
8810.000000 3.01293e-19
8820.000000 3.00677e-19
8830.000000 3.00206e-19
8840.000000 3.00095e-19
8850.000000 3.00563e-19
8860.000000 3.01736e-19
8870.000000 3.03737e-19
8880.000000 3.06549e-19
8890.000000 3.10155e-19
8900.000000 3.14412e-19
8910.000000 3.19179e-19
8920.000000 3.24254e-19
8930.000000 3.2944e-19
8940.000000 3.34546e-19
8950.000000 3.39382e-19
8960.000000 3.43811e-19
8970.000000 3.47695e-19
8980.000000 3.50964e-19
8990.000000 3.53548e-19
9000.000000 3.55441e-19
9010.000000 3.56638e-19
9020.000000 3.57181e-19
9030.000000 3.57114e-19
9040.000000 3.5651e-19
9050.000000 3.55444e-19
9060.000000 3.54006e-19
9070.000000 3.52286e-19
9080.000000 3.50373e-19
9090.000000 3.48356e-19
9100.000000 3.46306e-19
9110.000000 3.44295e-19
9120.000000 3.42358e-19
9130.000000 3.40533e-19
9140.000000 3.38802e-19
9150.000000 3.37151e-19
9160.000000 3.35504e-19
9170.000000 3.33783e-19
9180.000000 3.31884e-19
9190.000000 3.297e-19
9200.000000 3.27145e-19
9210.000000 3.24136e-19
9220.000000 3.20646e-19
9230.000000 3.16652e-19
9240.000000 3.12207e-19
9250.000000 3.07363e-19
9260.000000 3.02238e-19
9270.000000 2.96951e-19
9280.000000 2.91644e-19
9290.000000 2.86459e-19
9300.000000 2.81513e-19
9310.000000 2.76922e-19
9320.000000 2.72742e-19
9330.000000 2.69028e-19
9340.000000 2.65764e-19
9350.000000 2.62931e-19
9360.000000 2.60457e-19
9370.000000 2.58266e-19
9380.000000 2.56266e-19
9390.000000 2.54361e-19
9400.000000 2.52476e-19
9410.000000 2.50534e-19
9420.000000 2.48505e-19
9430.000000 2.46356e-19
9440.000000 2.44105e-19
9450.000000 2.41767e-19
9460.000000 2.39395e-19
9470.000000 2.37038e-19
9480.000000 2.34752e-19
9490.000000 2.3259e-19
9500.000000 2.30573e-19
9510.000000 2.28722e-19
9520.000000 2.26999e-19
9530.000000 2.25367e-19
9540.000000 2.23741e-19
9550.000000 2.22038e-19
9560.000000 2.20175e-19
9570.000000 2.18065e-19
9580.000000 2.15665e-19
9590.000000 2.12934e-19
9600.000000 2.09886e-19
9610.000000 2.06539e-19
9620.000000 2.02951e-19
9630.000000 1.99184e-19
9640.000000 1.95321e-19
9650.000000 1.91448e-19
9660.000000 1.87663e-19
9670.000000 1.84067e-19
9680.000000 1.80763e-19
9690.000000 1.77853e-19
9700.000000 1.75421e-19
9710.000000 1.73551e-19
9720.000000 1.72276e-19
9730.000000 1.71629e-19
9740.000000 1.71571e-19
9750.000000 1.72065e-19
9760.000000 1.73001e-19
9770.000000 1.74273e-19
9780.000000 1.7573e-19
9790.000000 1.77222e-19
9800.000000 1.78615e-19
9810.000000 1.79777e-19
9820.000000 1.80669e-19
9830.000000 1.81253e-19
9840.000000 1.8158e-19
9850.000000 1.81701e-19
9860.000000 1.81675e-19
9870.000000 1.81558e-19
9880.000000 1.81385e-19
9890.000000 1.81186e-19
9900.000000 1.80993e-19
9910.000000 1.80837e-19
9920.000000 1.80755e-19
9930.000000 1.80784e-19
9940.000000 1.80957e-19
9950.000000 1.81307e-19
9960.000000 1.81853e-19
9970.000000 1.82612e-19
9980.000000 1.83586e-19
9990.000000 1.84778e-19
10000.000000 1.86178e-19
10010.000000 1.87775e-19
10020.000000 1.89561e-19
10030.000000 1.91527e-19
10040.000000 1.93672e-19
10050.000000 1.95994e-19
10060.000000 1.9849e-19
10070.000000 2.01158e-19
10080.000000 2.03983e-19
10090.000000 2.0695e-19
10100.000000 2.10028e-19
10110.000000 2.13183e-19
10120.000000 2.16371e-19
10130.000000 2.19542e-19
10140.000000 2.22643e-19
10150.000000 2.25617e-19
10160.000000 2.28412e-19
10170.000000 2.30971e-19
10180.000000 2.33254e-19
10190.000000 2.35219e-19
10200.000000 2.36847e-19
10210.000000 2.3812e-19
10220.000000 2.39049e-19
10230.000000 2.39645e-19
10240.000000 2.39947e-19
10250.000000 2.39995e-19
10260.000000 2.39848e-19
10270.000000 2.39564e-19
10280.000000 2.39198e-19
10290.000000 2.38807e-19
10300.000000 2.38415e-19
10310.000000 2.38047e-19
10320.000000 2.37682e-19
10330.000000 2.373e-19
10340.000000 2.36839e-19
10350.000000 2.36238e-19
10360.000000 2.35413e-19
10370.000000 2.34282e-19
10380.000000 2.32766e-19
10390.000000 2.30791e-19
10400.000000 2.28317e-19
10410.000000 2.25307e-19
10420.000000 2.21784e-19
10430.000000 2.17769e-19
10440.000000 2.13348e-19
10450.000000 2.08603e-19
10460.000000 2.03662e-19
10470.000000 1.98647e-19
10480.000000 1.93694e-19
10490.000000 1.88935e-19
10500.000000 1.84477e-19
10510.000000 1.80428e-19
10520.000000 1.76844e-19
10530.000000 1.73784e-19
10540.000000 1.71254e-19
10550.000000 1.69257e-19
10560.000000 1.67759e-19
10570.000000 1.66727e-19
10580.000000 1.6611e-19
10590.000000 1.65855e-19
10600.000000 1.65912e-19
10610.000000 1.66228e-19
10620.000000 1.6676e-19
10630.000000 1.67461e-19
10640.000000 1.68293e-19
10650.000000 1.69215e-19
10660.000000 1.70184e-19
10670.000000 1.71156e-19
10680.000000 1.72082e-19
10690.000000 1.72913e-19
10700.000000 1.73597e-19
10710.000000 1.74085e-19
10720.000000 1.74337e-19
10730.000000 1.74312e-19
10740.000000 1.73991e-19
10750.000000 1.73355e-19
10760.000000 1.72408e-19
10770.000000 1.71155e-19
10780.000000 1.69624e-19
10790.000000 1.67843e-19
10800.000000 1.65859e-19
10810.000000 1.63717e-19
10820.000000 1.61479e-19
10830.000000 1.59206e-19
10840.000000 1.56969e-19
10850.000000 1.5484e-19
10860.000000 1.52891e-19
10870.000000 1.51197e-19
10880.000000 1.49821e-19
10890.000000 1.48827e-19
10900.000000 1.48257e-19
10910.000000 1.48153e-19
10920.000000 1.48527e-19
10930.000000 1.49393e-19
10940.000000 1.5073e-19
10950.000000 1.52521e-19
10960.000000 1.54717e-19
10970.000000 1.57268e-19
10980.000000 1.60106e-19
10990.000000 1.63162e-19
11000.000000 1.66359e-19
11010.000000 1.69621e-19
11020.000000 1.72872e-19
11030.000000 1.76038e-19
11040.000000 1.79054e-19
11050.000000 1.81852e-19
11060.000000 1.84388e-19
11070.000000 1.86615e-19
11080.000000 1.8852e-19
11090.000000 1.90088e-19
11100.000000 1.9134e-19
11110.000000 1.92294e-19
11120.000000 1.92992e-19
11130.000000 1.93473e-19
11140.000000 1.9378e-19
11150.000000 1.93954e-19
11160.000000 1.94026e-19
11170.000000 1.94026e-19
11180.000000 1.9397e-19
11190.000000 1.93872e-19
11200.000000 1.93735e-19
11210.000000 1.93563e-19
11220.000000 1.93352e-19
11230.000000 1.93099e-19
11240.000000 1.92798e-19
11250.000000 1.92443e-19
11260.000000 1.92026e-19
11270.000000 1.91541e-19
11280.000000 1.90979e-19
11290.000000 1.90334e-19
11300.000000 1.89598e-19
11310.000000 1.88767e-19
11320.000000 1.87835e-19
11330.000000 1.86798e-19
11340.000000 1.85655e-19
11350.000000 1.84405e-19
11360.000000 1.83053e-19
11370.000000 1.81605e-19
11380.000000 1.80074e-19
11390.000000 1.78474e-19
11400.000000 1.76825e-19
11410.000000 1.7515e-19
11420.000000 1.73471e-19
11430.000000 1.71813e-19
11440.000000 1.70198e-19
11450.000000 1.68651e-19
11460.000000 1.67193e-19
11470.000000 1.65847e-19
11480.000000 1.64633e-19
11490.000000 1.63573e-19
11500.000000 1.62684e-19
11510.000000 1.61985e-19
11520.000000 1.61486e-19
11530.000000 1.612e-19
11540.000000 1.61124e-19
11550.000000 1.61258e-19
11560.000000 1.61586e-19
11570.000000 1.62094e-19
11580.000000 1.62754e-19
11590.000000 1.63538e-19
11600.000000 1.64412e-19
11610.000000 1.6534e-19
11620.000000 1.6629e-19
11630.000000 1.67227e-19
11640.000000 1.68129e-19
11650.000000 1.6897e-19
11660.000000 1.69737e-19
11670.000000 1.70419e-19
11680.000000 1.71014e-19
11690.000000 1.7152e-19
11700.000000 1.71945e-19
11710.000000 1.72296e-19
11720.000000 1.72584e-19
11730.000000 1.72825e-19
11740.000000 1.73035e-19
11750.000000 1.73232e-19
11760.000000 1.73433e-19
11770.000000 1.73656e-19
11780.000000 1.73907e-19
11790.000000 1.74193e-19
11800.000000 1.74504e-19
11810.000000 1.74832e-19
11820.000000 1.75154e-19
11830.000000 1.75447e-19
11840.000000 1.75687e-19
11850.000000 1.7585e-19
11860.000000 1.75916e-19
11870.000000 1.75867e-19
11880.000000 1.75689e-19
11890.000000 1.75367e-19
11900.000000 1.74883e-19
11910.000000 1.74223e-19
11920.000000 1.73364e-19
11930.000000 1.72283e-19
11940.000000 1.70958e-19
11950.000000 1.69362e-19
11960.000000 1.67476e-19
11970.000000 1.65281e-19
11980.000000 1.62768e-19
11990.000000 1.59928e-19
12000.000000 1.56769e-19
12010.000000 1.53297e-19
12020.000000 1.49536e-19
12030.000000 1.45508e-19
12040.000000 1.41249e-19
12050.000000 1.36794e-19
12060.000000 1.32188e-19
12070.000000 1.27476e-19
12080.000000 1.22707e-19
12090.000000 1.17929e-19
12100.000000 1.13194e-19
12110.000000 1.08553e-19
12120.000000 1.04052e-19
12130.000000 9.97405e-20
12140.000000 9.56587e-20
12150.000000 9.18478e-20
12160.000000 8.83379e-20
12170.000000 8.51593e-20
12180.000000 8.23293e-20
12190.000000 7.98652e-20
12200.000000 7.77724e-20
12210.000000 7.6056e-20
12220.000000 7.47126e-20
12230.000000 7.37386e-20
12240.000000 7.31265e-20
12250.000000 7.2869e-20
12260.000000 7.29608e-20
12270.000000 7.33967e-20
12280.000000 7.41758e-20
12290.000000 7.52975e-20
12300.000000 7.67586e-20
12310.000000 7.8556e-20
12320.000000 8.06728e-20
12330.000000 8.3092e-20
12340.000000 8.57794e-20
12350.000000 8.87003e-20
12360.000000 9.18096e-20
12370.000000 9.50619e-20
12380.000000 9.84114e-20
12390.000000 1.01812e-19
12400.000000 1.05224e-19
12410.000000 1.08608e-19
12420.000000 1.11934e-19
12430.000000 1.15172e-19
12440.000000 1.18302e-19
12450.000000 1.21305e-19
12460.000000 1.24167e-19
12470.000000 1.26875e-19
12480.000000 1.29421e-19
12490.000000 1.31796e-19
12500.000000 1.33994e-19
12510.000000 1.3601e-19
12520.000000 1.37842e-19
12530.000000 1.39487e-19
12540.000000 1.40948e-19
12550.000000 1.42228e-19
12560.000000 1.43335e-19
12570.000000 1.44279e-19
12580.000000 1.45072e-19
12590.000000 1.45727e-19
12600.000000 1.46257e-19
12610.000000 1.46674e-19
12620.000000 1.46988e-19
12630.000000 1.47208e-19
12640.000000 1.47338e-19
12650.000000 1.47382e-19
12660.000000 1.4734e-19
12670.000000 1.47211e-19
12680.000000 1.46995e-19
12690.000000 1.4669e-19
12700.000000 1.46297e-19
12710.000000 1.45817e-19
12720.000000 1.45252e-19
12730.000000 1.44605e-19
12740.000000 1.43883e-19
12750.000000 1.43088e-19
12760.000000 1.4223e-19
12770.000000 1.41314e-19
12780.000000 1.40349e-19
12790.000000 1.39343e-19
12800.000000 1.38302e-19
12810.000000 1.37234e-19
12820.000000 1.36146e-19
12830.000000 1.35042e-19
12840.000000 1.33928e-19
12850.000000 1.32809e-19
12860.000000 1.31687e-19
12870.000000 1.30566e-19
12880.000000 1.29451e-19
12890.000000 1.28346e-19
12900.000000 1.27255e-19
12910.000000 1.26182e-19
12920.000000 1.25133e-19
12930.000000 1.24112e-19
12940.000000 1.23124e-19
12950.000000 1.22173e-19
12960.000000 1.21262e-19
12970.000000 1.20394e-19
12980.000000 1.19571e-19
12990.000000 1.18794e-19
13000.000000 1.18061e-19
13010.000000 1.17371e-19
13020.000000 1.16719e-19
13030.000000 1.16103e-19
13040.000000 1.15516e-19
13050.000000 1.1495e-19
13060.000000 1.144e-19
13070.000000 1.13856e-19
13080.000000 1.13311e-19
13090.000000 1.12757e-19
13100.000000 1.12189e-19
13110.000000 1.116e-19
13120.000000 1.10991e-19
13130.000000 1.10359e-19
13140.000000 1.0971e-19
13150.000000 1.09048e-19
13160.000000 1.0838e-19
13170.000000 1.07712e-19
13180.000000 1.0705e-19
13190.000000 1.064e-19
13200.000000 1.0576e-19
13210.000000 1.05131e-19
13220.000000 1.04507e-19
13230.000000 1.03884e-19
13240.000000 1.03252e-19
13250.000000 1.02605e-19
13260.000000 1.01936e-19
13270.000000 1.01241e-19
13280.000000 1.00517e-19
13290.000000 9.97637e-20
13300.000000 9.89856e-20
13310.000000 9.81864e-20
13320.000000 9.73729e-20
13330.000000 9.65519e-20
13340.000000 9.573e-20
13350.000000 9.49136e-20
13360.000000 9.41065e-20
13370.000000 9.33129e-20
13380.000000 9.25342e-20
13390.000000 9.17723e-20
13400.000000 9.10282e-20
13410.000000 9.0303e-20
13420.000000 8.95984e-20
13430.000000 8.89158e-20
13440.000000 8.82565e-20
13450.000000 8.76219e-20
13460.000000 8.70123e-20
13470.000000 8.64279e-20
13480.000000 8.58679e-20
13490.000000 8.53314e-20
13500.000000 8.48167e-20
13510.000000 8.4322e-20
13520.000000 8.38446e-20
13530.000000 8.33819e-20
13540.000000 8.29306e-20
13550.000000 8.24873e-20
13560.000000 8.20487e-20
13570.000000 8.16115e-20
13580.000000 8.11729e-20
13590.000000 8.07305e-20
13600.000000 8.0283e-20
13610.000000 7.9829e-20
13620.000000 7.93686e-20
13630.000000 7.89018e-20
13640.000000 7.84295e-20
13650.000000 7.79528e-20
13660.000000 7.74735e-20
13670.000000 7.69933e-20
13680.000000 7.65152e-20
13690.000000 7.60418e-20
13700.000000 7.55766e-20
13710.000000 7.51233e-20
13720.000000 7.46856e-20
13730.000000 7.4267e-20
13740.000000 7.38703e-20
13750.000000 7.34982e-20
13760.000000 7.31514e-20
13770.000000 7.28307e-20
13780.000000 7.25347e-20
13790.000000 7.2262e-20
13800.000000 7.20097e-20
13810.000000 7.17751e-20
13820.000000 7.15549e-20
13830.000000 7.13462e-20
13840.000000 7.11465e-20
13850.000000 7.09533e-20
13860.000000 7.0765e-20
13870.000000 7.058e-20
13880.000000 7.03971e-20
13890.000000 7.02149e-20
13900.000000 7.00323e-20
13910.000000 6.98478e-20
13920.000000 6.96603e-20
13930.000000 6.94685e-20
13940.000000 6.9272e-20
13950.000000 6.90701e-20
13960.000000 6.88638e-20
13970.000000 6.86537e-20
13980.000000 6.84416e-20
13990.000000 6.82292e-20
14000.000000 6.80184e-20
14010.000000 6.78109e-20
14020.000000 6.76079e-20
14030.000000 6.74105e-20
14040.000000 6.72188e-20
14050.000000 6.70328e-20
14060.000000 6.68523e-20
14070.000000 6.66766e-20
14080.000000 6.65055e-20
14090.000000 6.63385e-20
14100.000000 6.61753e-20
14110.000000 6.60154e-20
14120.000000 6.58583e-20
14130.000000 6.57033e-20
14140.000000 6.55488e-20
14150.000000 6.53934e-20
14160.000000 6.52346e-20
14170.000000 6.50699e-20
14180.000000 6.48961e-20
14190.000000 6.47102e-20
14200.000000 6.45095e-20
14210.000000 6.4291e-20
14220.000000 6.40533e-20
14230.000000 6.37949e-20
14240.000000 6.35165e-20
14250.000000 6.32189e-20
14260.000000 6.29056e-20
14270.000000 6.25802e-20
14280.000000 6.22481e-20
14290.000000 6.19149e-20
14300.000000 6.1586e-20
14310.000000 6.12668e-20
14320.000000 6.09605e-20
14330.000000 6.06701e-20
14340.000000 6.03957e-20
14350.000000 6.01372e-20
14360.000000 5.98923e-20
14370.000000 5.96588e-20
14380.000000 5.94335e-20
14390.000000 5.92134e-20
14400.000000 5.89958e-20
14410.000000 5.87782e-20
14420.000000 5.85588e-20
14430.000000 5.83361e-20
14440.000000 5.81095e-20
14450.000000 5.78786e-20
14460.000000 5.76435e-20
14470.000000 5.74043e-20
14480.000000 5.71612e-20
14490.000000 5.69146e-20
14500.000000 5.66641e-20
14510.000000 5.64095e-20
14520.000000 5.61501e-20
14530.000000 5.58849e-20
14540.000000 5.56129e-20
14550.000000 5.53331e-20
14560.000000 5.50447e-20
14570.000000 5.47467e-20
14580.000000 5.44389e-20
14590.000000 5.4121e-20
14600.000000 5.37934e-20
14610.000000 5.34563e-20
14620.000000 5.31105e-20
14630.000000 5.2757e-20
14640.000000 5.23967e-20
14650.000000 5.20307e-20
14660.000000 5.16598e-20
14670.000000 5.12849e-20
14680.000000 5.09062e-20
14690.000000 5.05241e-20
14700.000000 5.01378e-20
14710.000000 4.97469e-20
14720.000000 4.93503e-20
14730.000000 4.89469e-20
14740.000000 4.85357e-20
14750.000000 4.81158e-20
14760.000000 4.76876e-20
14770.000000 4.72512e-20
14780.000000 4.6809e-20
14790.000000 4.63635e-20
14800.000000 4.59192e-20
14810.000000 4.54808e-20
14820.000000 4.50545e-20
14830.000000 4.46465e-20
14840.000000 4.42623e-20
14850.000000 4.39077e-20
14860.000000 4.35855e-20
14870.000000 4.32982e-20
14880.000000 4.30447e-20
14890.000000 4.28239e-20
14900.000000 4.26326e-20
14910.000000 4.24674e-20
14920.000000 4.23259e-20
14930.000000 4.22055e-20
14940.000000 4.21059e-20
14950.000000 4.20265e-20
14960.000000 4.19681e-20
14970.000000 4.19312e-20
14980.000000 4.19158e-20
14990.000000 4.19218e-20
15000.000000 4.19478e-20
15010.000000 4.19922e-20
15020.000000 4.20527e-20
15030.000000 4.21269e-20
15040.000000 4.22126e-20
15050.000000 4.23074e-20
15060.000000 4.241e-20
15070.000000 4.25187e-20
15080.000000 4.26325e-20
15090.000000 4.27507e-20
15100.000000 4.28723e-20
15110.000000 4.29967e-20
15120.000000 4.31228e-20
15130.000000 4.32497e-20
15140.000000 4.33766e-20
15150.000000 4.35024e-20
15160.000000 4.36264e-20
15170.000000 4.37482e-20
15180.000000 4.38676e-20
15190.000000 4.39847e-20
15200.000000 4.40999e-20
15210.000000 4.42137e-20
15220.000000 4.43269e-20
15230.000000 4.44401e-20
15240.000000 4.45541e-20
15250.000000 4.46696e-20
15260.000000 4.47874e-20
15270.000000 4.4908e-20
15280.000000 4.5032e-20
15290.000000 4.51598e-20
15300.000000 4.52917e-20
15310.000000 4.5428e-20
15320.000000 4.5569e-20
15330.000000 4.57147e-20
15340.000000 4.58653e-20
15350.000000 4.60213e-20
15360.000000 4.61826e-20
15370.000000 4.63497e-20
15380.000000 4.65223e-20
15390.000000 4.67003e-20
15400.000000 4.68828e-20
15410.000000 4.7069e-20
15420.000000 4.72571e-20
15430.000000 4.74454e-20
15440.000000 4.76318e-20
15450.000000 4.78142e-20
15460.000000 4.79905e-20
15470.000000 4.81587e-20
15480.000000 4.83174e-20
15490.000000 4.84651e-20
15500.000000 4.86012e-20
15510.000000 4.8725e-20
15520.000000 4.88365e-20
15530.000000 4.89357e-20
15540.000000 4.90226e-20
15550.000000 4.90973e-20
15560.000000 4.91596e-20
15570.000000 4.9209e-20
15580.000000 4.9245e-20
15590.000000 4.92664e-20
15600.000000 4.92723e-20
15610.000000 4.92614e-20
15620.000000 4.92324e-20
15630.000000 4.91843e-20
15640.000000 4.91162e-20
15650.000000 4.90273e-20
15660.000000 4.89174e-20
15670.000000 4.87864e-20
15680.000000 4.86349e-20
15690.000000 4.84635e-20
15700.000000 4.82735e-20
15710.000000 4.80665e-20
15720.000000 4.78445e-20
15730.000000 4.76098e-20
15740.000000 4.7365e-20
15750.000000 4.7113e-20
15760.000000 4.68564e-20
15770.000000 4.6598e-20
15780.000000 4.63399e-20
15790.000000 4.60843e-20
15800.000000 4.58319e-20
15810.000000 4.55834e-20
15820.000000 4.53382e-20
15830.000000 4.50959e-20
15840.000000 4.48555e-20
15850.000000 4.4616e-20
15860.000000 4.43778e-20
15870.000000 4.41411e-20
15880.000000 4.39082e-20
15890.000000 4.36815e-20
15900.000000 4.34646e-20
15910.000000 4.32613e-20
15920.000000 4.30745e-20
15930.000000 4.2907e-20
15940.000000 4.27587e-20
15950.000000 4.26293e-20
15960.000000 4.25146e-20
15970.000000 4.24107e-20
15980.000000 4.23118e-20
15990.000000 4.22119e-20
16000.000000 4.21064e-20
16010.000000 4.19904e-20
16020.000000 4.18619e-20
16030.000000 4.17189e-20
16040.000000 4.15619e-20
16050.000000 4.13914e-20
16060.000000 4.12094e-20
16070.000000 4.1018e-20
16080.000000 4.08198e-20
16090.000000 4.06174e-20
16100.000000 4.04124e-20
16110.000000 4.02067e-20
16120.000000 4.00003e-20
16130.000000 3.9793e-20
16140.000000 3.95827e-20
16150.000000 3.93676e-20
16160.000000 3.91447e-20
16170.000000 3.89113e-20
16180.000000 3.86653e-20
16190.000000 3.84046e-20
16200.000000 3.81287e-20
16210.000000 3.78374e-20
16220.000000 3.75317e-20
16230.000000 3.72128e-20
16240.000000 3.68825e-20
16250.000000 3.65431e-20
16260.000000 3.61967e-20
16270.000000 3.58457e-20
16280.000000 3.54925e-20
16290.000000 3.51396e-20
16300.000000 3.47891e-20
16310.000000 3.44435e-20
16320.000000 3.41048e-20
16330.000000 3.37754e-20
16340.000000 3.34569e-20
16350.000000 3.31512e-20
16360.000000 3.28597e-20
16370.000000 3.25839e-20
16380.000000 3.23249e-20
16390.000000 3.20836e-20
16400.000000 3.18611e-20
16410.000000 3.16583e-20
16420.000000 3.14765e-20
16430.000000 3.13168e-20
16440.000000 3.1181e-20
16450.000000 3.1071e-20
16460.000000 3.09891e-20
16470.000000 3.0938e-20
16480.000000 3.09201e-20
16490.000000 3.09381e-20
16500.000000 3.09935e-20
16510.000000 3.10879e-20
16520.000000 3.12207e-20
16530.000000 3.13914e-20
16540.000000 3.15969e-20
16550.000000 3.18343e-20
16560.000000 3.20993e-20
16570.000000 3.23878e-20
16580.000000 3.26961e-20
16590.000000 3.30206e-20
16600.000000 3.33594e-20
16610.000000 3.37107e-20
16620.000000 3.40741e-20
16630.000000 3.44496e-20
16640.000000 3.48374e-20
16650.000000 3.52381e-20
16660.000000 3.56519e-20
16670.000000 3.60789e-20
16680.000000 3.65188e-20
16690.000000 3.69711e-20
16700.000000 3.74348e-20
16710.000000 3.79092e-20
16720.000000 3.83929e-20
16730.000000 3.88849e-20
16740.000000 3.93841e-20
16750.000000 3.98894e-20
16760.000000 4.04e-20
16770.000000 4.09148e-20
16780.000000 4.14328e-20
16790.000000 4.1953e-20
16800.000000 4.2474e-20
16810.000000 4.29945e-20
16820.000000 4.35129e-20
16830.000000 4.40276e-20
16840.000000 4.45367e-20
16850.000000 4.50385e-20
16860.000000 4.5531e-20
16870.000000 4.60123e-20
16880.000000 4.64807e-20
16890.000000 4.69342e-20
16900.000000 4.73713e-20
16910.000000 4.77902e-20
16920.000000 4.81896e-20
16930.000000 4.85682e-20
16940.000000 4.89249e-20
16950.000000 4.92587e-20
16960.000000 4.9569e-20
16970.000000 4.98554e-20
16980.000000 5.01177e-20
16990.000000 5.03559e-20
17000.000000 5.05704e-20
17010.000000 5.07617e-20
17020.000000 5.09305e-20
17030.000000 5.1078e-20
17040.000000 5.12051e-20
17050.000000 5.13133e-20
17060.000000 5.14036e-20
17070.000000 5.14775e-20
17080.000000 5.15361e-20
17090.000000 5.15807e-20
17100.000000 5.16121e-20
17110.000000 5.16313e-20
17120.000000 5.16389e-20
17130.000000 5.16355e-20
17140.000000 5.16214e-20
17150.000000 5.1597e-20
17160.000000 5.15624e-20
17170.000000 5.15179e-20
17180.000000 5.14638e-20
17190.000000 5.14003e-20
17200.000000 5.13279e-20
17210.000000 5.1247e-20
17220.000000 5.11583e-20
17230.000000 5.10623e-20
17240.000000 5.09598e-20
17250.000000 5.08516e-20
17260.000000 5.07382e-20
17270.000000 5.06205e-20
17280.000000 5.04989e-20
17290.000000 5.0374e-20
17300.000000 5.02462e-20
17310.000000 5.01158e-20
17320.000000 4.99828e-20
17330.000000 4.98475e-20
17340.000000 4.97095e-20
17350.000000 4.95687e-20
17360.000000 4.94248e-20
17370.000000 4.92774e-20
17380.000000 4.91256e-20
17390.000000 4.89688e-20
17400.000000 4.88059e-20
17410.000000 4.86359e-20
17420.000000 4.84578e-20
17430.000000 4.82707e-20
17440.000000 4.80737e-20
17450.000000 4.78659e-20
17460.000000 4.76466e-20
17470.000000 4.74153e-20
17480.000000 4.71718e-20
17490.000000 4.69158e-20
17500.000000 4.66475e-20
17510.000000 4.63673e-20
17520.000000 4.60758e-20
17530.000000 4.57736e-20
17540.000000 4.54618e-20
17550.000000 4.51415e-20
17560.000000 4.4814e-20
17570.000000 4.44805e-20
17580.000000 4.41426e-20
17590.000000 4.38017e-20
17600.000000 4.34593e-20
17610.000000 4.31169e-20
17620.000000 4.27759e-20
17630.000000 4.24377e-20
17640.000000 4.21038e-20
17650.000000 4.17753e-20
17660.000000 4.14536e-20
17670.000000 4.11397e-20
17680.000000 4.08348e-20
17690.000000 4.05398e-20
17700.000000 4.02557e-20
17710.000000 3.99834e-20
17720.000000 3.97236e-20
17730.000000 3.9477e-20
17740.000000 3.92442e-20
17750.000000 3.90257e-20
17760.000000 3.88218e-20
17770.000000 3.86328e-20
17780.000000 3.84588e-20
17790.000000 3.82997e-20
17800.000000 3.81551e-20
17810.000000 3.80246e-20
17820.000000 3.79074e-20
17830.000000 3.78026e-20
17840.000000 3.7709e-20
17850.000000 3.76253e-20
17860.000000 3.75499e-20
17870.000000 3.74811e-20
17880.000000 3.7417e-20
17890.000000 3.73557e-20
17900.000000 3.72949e-20
17910.000000 3.72325e-20
17920.000000 3.7166e-20
17930.000000 3.70932e-20
17940.000000 3.7012e-20
17950.000000 3.69207e-20
17960.000000 3.68184e-20
17970.000000 3.67044e-20
17980.000000 3.65795e-20
17990.000000 3.64449e-20
18000.000000 3.63029e-20
18010.000000 3.61564e-20
18020.000000 3.60082e-20
18030.000000 3.58617e-20
18040.000000 3.57193e-20
18050.000000 3.55833e-20
18060.000000 3.54546e-20
18070.000000 3.53342e-20
18080.000000 3.52217e-20
18090.000000 3.51167e-20
18100.000000 3.50183e-20
18110.000000 3.49257e-20
18120.000000 3.48385e-20
18130.000000 3.47559e-20
18140.000000 3.46778e-20
18150.000000 3.46042e-20
18160.000000 3.45352e-20
18170.000000 3.44709e-20
18180.000000 3.44116e-20
18190.000000 3.43573e-20
18200.000000 3.43079e-20
18210.000000 3.42634e-20
18220.000000 3.42235e-20
18230.000000 3.41877e-20
18240.000000 3.41558e-20
18250.000000 3.41272e-20
18260.000000 3.41016e-20
18270.000000 3.40787e-20
18280.000000 3.40584e-20
18290.000000 3.40405e-20
18300.000000 3.4025e-20
18310.000000 3.40119e-20
18320.000000 3.40011e-20
18330.000000 3.39926e-20
18340.000000 3.39861e-20
18350.000000 3.39816e-20
18360.000000 3.39783e-20
18370.000000 3.39759e-20
18380.000000 3.39735e-20
18390.000000 3.39703e-20
18400.000000 3.39651e-20
18410.000000 3.39569e-20
18420.000000 3.39444e-20
18430.000000 3.39264e-20
18440.000000 3.39013e-20
18450.000000 3.38679e-20
18460.000000 3.38245e-20
18470.000000 3.37696e-20
18480.000000 3.37016e-20
18490.000000 3.36188e-20
18500.000000 3.35197e-20
18510.000000 3.3403e-20
18520.000000 3.32678e-20
18530.000000 3.31137e-20
18540.000000 3.29414e-20
18550.000000 3.27519e-20
18560.000000 3.25481e-20
18570.000000 3.23329e-20
18580.000000 3.21108e-20
18590.000000 3.18861e-20
18600.000000 3.16636e-20
18610.000000 3.14479e-20
18620.000000 3.12424e-20
18630.000000 3.10504e-20
18640.000000 3.08731e-20
18650.000000 3.07117e-20
18660.000000 3.05652e-20
18670.000000 3.04329e-20
18680.000000 3.03128e-20
18690.000000 3.02029e-20
18700.000000 3.01012e-20
18710.000000 3.00056e-20
18720.000000 2.99146e-20
18730.000000 2.98264e-20
18740.000000 2.97402e-20
18750.000000 2.96551e-20
18760.000000 2.95705e-20
18770.000000 2.94859e-20
18780.000000 2.94013e-20
18790.000000 2.93165e-20
18800.000000 2.92315e-20
18810.000000 2.91462e-20
18820.000000 2.90608e-20
18830.000000 2.89752e-20
18840.000000 2.88894e-20
18850.000000 2.88035e-20
18860.000000 2.87175e-20
18870.000000 2.86314e-20
18880.000000 2.85453e-20
18890.000000 2.84592e-20
18900.000000 2.83733e-20
18910.000000 2.82876e-20
18920.000000 2.82022e-20
18930.000000 2.81172e-20
18940.000000 2.80327e-20
18950.000000 2.79488e-20
18960.000000 2.78656e-20
18970.000000 2.77832e-20
18980.000000 2.77018e-20
18990.000000 2.76214e-20
19000.000000 2.75421e-20
19010.000000 2.74641e-20
19020.000000 2.73875e-20
19030.000000 2.73123e-20
19040.000000 2.72387e-20
19050.000000 2.71668e-20
19060.000000 2.70966e-20
19070.000000 2.70282e-20
19080.000000 2.69617e-20
19090.000000 2.68972e-20
19100.000000 2.68347e-20
19110.000000 2.67743e-20
19120.000000 2.67161e-20
19130.000000 2.666e-20
19140.000000 2.66061e-20
19150.000000 2.65545e-20
19160.000000 2.65051e-20
19170.000000 2.6458e-20
19180.000000 2.64131e-20
19190.000000 2.63705e-20
19200.000000 2.63301e-20
19210.000000 2.6292e-20
19220.000000 2.62561e-20
19230.000000 2.62225e-20
19240.000000 2.6191e-20
19250.000000 2.61618e-20
19260.000000 2.61345e-20
19270.000000 2.61087e-20
19280.000000 2.60864e-20
19290.000000 2.60692e-20
19300.000000 2.60464e-20
19310.000000 2.6007e-20
19320.000000 2.5957e-20
19330.000000 2.59024e-20
19340.000000 2.5846e-20
19350.000000 2.57907e-20
19360.000000 2.57359e-20
19370.000000 2.56812e-20
19380.000000 2.56265e-20
19390.000000 2.5572e-20
19400.000000 2.55176e-20
19410.000000 2.54632e-20
19420.000000 2.54088e-20
19430.000000 2.53545e-20
19440.000000 2.53001e-20
19450.000000 2.52457e-20
19460.000000 2.51914e-20
19470.000000 2.51369e-20
19480.000000 2.50825e-20
19490.000000 2.5028e-20
19500.000000 2.49735e-20
19510.000000 2.4919e-20
19520.000000 2.48644e-20
19530.000000 2.48098e-20
19540.000000 2.47553e-20
19550.000000 2.47007e-20
19560.000000 2.46461e-20
19570.000000 2.45916e-20
19580.000000 2.45371e-20
19590.000000 2.44826e-20
19600.000000 2.44282e-20
19610.000000 2.43739e-20
19620.000000 2.43196e-20
19630.000000 2.42655e-20
19640.000000 2.42114e-20
19650.000000 2.41574e-20
19660.000000 2.41036e-20
19670.000000 2.40498e-20
19680.000000 2.39962e-20
19690.000000 2.39427e-20
19700.000000 2.38894e-20
19710.000000 2.38362e-20
19720.000000 2.3783e-20
19730.000000 2.373e-20
19740.000000 2.36772e-20
19750.000000 2.36244e-20
19760.000000 2.35717e-20
19770.000000 2.35191e-20
19780.000000 2.34666e-20
19790.000000 2.34142e-20
19800.000000 2.33618e-20
19810.000000 2.33094e-20
19820.000000 2.32571e-20
19830.000000 2.32047e-20
19840.000000 2.31523e-20
19850.000000 2.30999e-20
19860.000000 2.30473e-20
19870.000000 2.29946e-20
19880.000000 2.29418e-20
19890.000000 2.28889e-20
19900.000000 2.28357e-20
19910.000000 2.27823e-20
19920.000000 2.27286e-20
19930.000000 2.26746e-20
19940.000000 2.26203e-20
19950.000000 2.25656e-20
19960.000000 2.25105e-20
19970.000000 2.24549e-20
19980.000000 2.23989e-20
19990.000000 2.23423e-20
20000.000000 2.22852e-20
20010.000000 2.22276e-20
20020.000000 2.21693e-20
20030.000000 2.21103e-20
20040.000000 2.20507e-20
20050.000000 2.19904e-20
20060.000000 2.19294e-20
20070.000000 2.18677e-20
20080.000000 2.18052e-20
20090.000000 2.17419e-20
20100.000000 2.16779e-20
20110.000000 2.1613e-20
20120.000000 2.15474e-20
20130.000000 2.1481e-20
20140.000000 2.14138e-20
20150.000000 2.13458e-20
20160.000000 2.12771e-20
20170.000000 2.12076e-20
20180.000000 2.11373e-20
20190.000000 2.10664e-20
20200.000000 2.09948e-20
20210.000000 2.09225e-20
20220.000000 2.08496e-20
20230.000000 2.07761e-20
20240.000000 2.0702e-20
20250.000000 2.06275e-20
20260.000000 2.05524e-20
20270.000000 2.04769e-20
20280.000000 2.0401e-20
20290.000000 2.03248e-20
20300.000000 2.02482e-20
20310.000000 2.01713e-20
20320.000000 2.00942e-20
20330.000000 2.00169e-20
20340.000000 1.99394e-20
20350.000000 1.98618e-20
20360.000000 1.97841e-20
20370.000000 1.97064e-20
20380.000000 1.96286e-20
20390.000000 1.95507e-20
20400.000000 1.94729e-20
20410.000000 1.93952e-20
20420.000000 1.93175e-20
20430.000000 1.92398e-20
20440.000000 1.91623e-20
20450.000000 1.90849e-20
20460.000000 1.90076e-20
20470.000000 1.89305e-20
20480.000000 1.88535e-20
20490.000000 1.87767e-20
20500.000000 1.87001e-20
20510.000000 1.86238e-20
20520.000000 1.85476e-20
20530.000000 1.84717e-20
20540.000000 1.83961e-20
20550.000000 1.83207e-20
20560.000000 1.82457e-20
20570.000000 1.8171e-20
20580.000000 1.80967e-20
20590.000000 1.80228e-20
20600.000000 1.79494e-20
20610.000000 1.78764e-20
20620.000000 1.7804e-20
20630.000000 1.77321e-20
20640.000000 1.76609e-20
20650.000000 1.75903e-20
20660.000000 1.75205e-20
20670.000000 1.74515e-20
20680.000000 1.73833e-20
20690.000000 1.73161e-20
20700.000000 1.72498e-20
20710.000000 1.71846e-20
20720.000000 1.71206e-20
20730.000000 1.70578e-20
20740.000000 1.69962e-20
20750.000000 1.6936e-20
20760.000000 1.68772e-20
20770.000000 1.682e-20
20780.000000 1.67643e-20
20790.000000 1.67102e-20
20800.000000 1.66579e-20
20810.000000 1.66074e-20
20820.000000 1.65587e-20
20830.000000 1.65119e-20
20840.000000 1.64672e-20
20850.000000 1.64244e-20
20860.000000 1.63837e-20
20870.000000 1.63452e-20
20880.000000 1.63088e-20
20890.000000 1.62746e-20
20900.000000 1.62426e-20
20910.000000 1.62129e-20
20920.000000 1.61855e-20
20930.000000 1.61604e-20
20940.000000 1.61375e-20
20950.000000 1.6117e-20
20960.000000 1.60987e-20
20970.000000 1.60827e-20
20980.000000 1.60689e-20
20990.000000 1.60573e-20
21000.000000 1.60479e-20
21010.000000 1.60407e-20
21020.000000 1.60356e-20
21030.000000 1.60324e-20
21040.000000 1.60313e-20
21050.000000 1.60321e-20
21060.000000 1.60347e-20
21070.000000 1.60391e-20
21080.000000 1.60452e-20
21090.000000 1.6053e-20
21100.000000 1.60623e-20
21110.000000 1.6073e-20
21120.000000 1.60851e-20
21130.000000 1.60985e-20
21140.000000 1.61131e-20
21150.000000 1.61289e-20
21160.000000 1.61456e-20
21170.000000 1.61634e-20
21180.000000 1.61819e-20
21190.000000 1.62013e-20
21200.000000 1.62214e-20
21210.000000 1.62421e-20
21220.000000 1.62634e-20
21230.000000 1.62851e-20
21240.000000 1.63073e-20
21250.000000 1.63298e-20
21260.000000 1.63526e-20
21270.000000 1.63756e-20
21280.000000 1.63988e-20
21290.000000 1.64221e-20
21300.000000 1.64454e-20
21310.000000 1.64688e-20
21320.000000 1.64922e-20
21330.000000 1.65155e-20
21340.000000 1.65387e-20
21350.000000 1.65618e-20
21360.000000 1.65848e-20
21370.000000 1.66076e-20
21380.000000 1.66301e-20
21390.000000 1.66525e-20
21400.000000 1.66747e-20
21410.000000 1.66966e-20
21420.000000 1.67184e-20
21430.000000 1.67399e-20
21440.000000 1.67612e-20
21450.000000 1.67822e-20
21460.000000 1.68032e-20
21470.000000 1.68239e-20
21480.000000 1.68445e-20
21490.000000 1.6865e-20
21500.000000 1.68854e-20
21510.000000 1.69057e-20
21520.000000 1.69261e-20
21530.000000 1.69465e-20
21540.000000 1.6967e-20
21550.000000 1.69877e-20
21560.000000 1.70085e-20
21570.000000 1.70296e-20
21580.000000 1.70509e-20
21590.000000 1.70726e-20
21600.000000 1.70947e-20
21610.000000 1.71171e-20
21620.000000 1.71401e-20
21630.000000 1.71635e-20
21640.000000 1.71874e-20
21650.000000 1.72119e-20
21660.000000 1.72369e-20
21670.000000 1.72624e-20
21680.000000 1.72885e-20
21690.000000 1.73151e-20
21700.000000 1.73421e-20
21710.000000 1.73697e-20
21720.000000 1.73976e-20
21730.000000 1.74259e-20
21740.000000 1.74544e-20
21750.000000 1.74832e-20
21760.000000 1.7512e-20
21770.000000 1.75409e-20
21780.000000 1.75697e-20
21790.000000 1.75984e-20
21800.000000 1.76267e-20
21810.000000 1.76546e-20
21820.000000 1.7682e-20
21830.000000 1.77088e-20
21840.000000 1.77348e-20
21850.000000 1.776e-20
21860.000000 1.77841e-20
21870.000000 1.78072e-20
21880.000000 1.78292e-20
21890.000000 1.78498e-20
21900.000000 1.78691e-20
21910.000000 1.7887e-20
21920.000000 1.79035e-20
21930.000000 1.79183e-20
21940.000000 1.79317e-20
21950.000000 1.79434e-20
21960.000000 1.79535e-20
21970.000000 1.79619e-20
21980.000000 1.79687e-20
21990.000000 1.79739e-20
22000.000000 1.79775e-20
22010.000000 1.79795e-20
22020.000000 1.798e-20
22030.000000 1.7979e-20
22040.000000 1.79765e-20
22050.000000 1.79726e-20
22060.000000 1.79673e-20
22070.000000 1.79608e-20
22080.000000 1.7953e-20
22090.000000 1.7944e-20
22100.000000 1.7934e-20
22110.000000 1.79228e-20
22120.000000 1.79107e-20
22130.000000 1.78977e-20
22140.000000 1.78837e-20
22150.000000 1.78689e-20
22160.000000 1.78534e-20
22170.000000 1.78371e-20
22180.000000 1.782e-20
22190.000000 1.78024e-20
22200.000000 1.77841e-20
22210.000000 1.77651e-20
22220.000000 1.77456e-20
22230.000000 1.77256e-20
22240.000000 1.7705e-20
22250.000000 1.76838e-20
22260.000000 1.76622e-20
22270.000000 1.764e-20
22280.000000 1.76174e-20
22290.000000 1.75942e-20
22300.000000 1.75706e-20
22310.000000 1.75465e-20
22320.000000 1.75219e-20
22330.000000 1.74968e-20
22340.000000 1.74713e-20
22350.000000 1.74452e-20
22360.000000 1.74188e-20
22370.000000 1.73918e-20
22380.000000 1.73644e-20
22390.000000 1.73366e-20
22400.000000 1.73083e-20
22410.000000 1.72796e-20
22420.000000 1.72505e-20
22430.000000 1.72209e-20
22440.000000 1.7191e-20
22450.000000 1.71607e-20
22460.000000 1.71301e-20
22470.000000 1.70991e-20
22480.000000 1.70678e-20
22490.000000 1.70362e-20
22500.000000 1.70044e-20
22510.000000 1.69723e-20
22520.000000 1.694e-20
22530.000000 1.69076e-20
22540.000000 1.6875e-20
22550.000000 1.68423e-20
22560.000000 1.68095e-20
22570.000000 1.67767e-20
22580.000000 1.67438e-20
22590.000000 1.6711e-20
22600.000000 1.66782e-20
22610.000000 1.66455e-20
22620.000000 1.6613e-20
22630.000000 1.65806e-20
22640.000000 1.65484e-20
22650.000000 1.65164e-20
22660.000000 1.64846e-20
22670.000000 1.64532e-20
22680.000000 1.6422e-20
22690.000000 1.63912e-20
22700.000000 1.63608e-20
22710.000000 1.63307e-20
22720.000000 1.6301e-20
22730.000000 1.62718e-20
22740.000000 1.6243e-20
22750.000000 1.62147e-20
22760.000000 1.61868e-20
22770.000000 1.61594e-20
22780.000000 1.61326e-20
22790.000000 1.61062e-20
22800.000000 1.60803e-20
22810.000000 1.60549e-20
22820.000000 1.60299e-20
22830.000000 1.60055e-20
22840.000000 1.59816e-20
22850.000000 1.59581e-20
22860.000000 1.5935e-20
22870.000000 1.59124e-20
22880.000000 1.58902e-20
22890.000000 1.58684e-20
22900.000000 1.5847e-20
22910.000000 1.58259e-20
22920.000000 1.58052e-20
22930.000000 1.57847e-20
22940.000000 1.57645e-20
22950.000000 1.57445e-20
22960.000000 1.57247e-20
22970.000000 1.57051e-20
22980.000000 1.56856e-20
22990.000000 1.56662e-20
23000.000000 1.56468e-20
23010.000000 1.56275e-20
23020.000000 1.56082e-20
23030.000000 1.55888e-20
23040.000000 1.55694e-20
23050.000000 1.55498e-20
23060.000000 1.55301e-20
23070.000000 1.55103e-20
23080.000000 1.54902e-20
23090.000000 1.54699e-20
23100.000000 1.54494e-20
23110.000000 1.54286e-20
23120.000000 1.54075e-20
23130.000000 1.53861e-20
23140.000000 1.53644e-20
23150.000000 1.53423e-20
23160.000000 1.53199e-20
23170.000000 1.52972e-20
23180.000000 1.52741e-20
23190.000000 1.52506e-20
23200.000000 1.52267e-20
23210.000000 1.52025e-20
23220.000000 1.5178e-20
23230.000000 1.51531e-20
23240.000000 1.51278e-20
23250.000000 1.51022e-20
23260.000000 1.50763e-20
23270.000000 1.50501e-20
23280.000000 1.50236e-20
23290.000000 1.49968e-20
23300.000000 1.49697e-20
23310.000000 1.49425e-20
23320.000000 1.4915e-20
23330.000000 1.48873e-20
23340.000000 1.48594e-20
23350.000000 1.48313e-20
23360.000000 1.48032e-20
23370.000000 1.47749e-20
23380.000000 1.47465e-20
23390.000000 1.4718e-20
23400.000000 1.46895e-20
23410.000000 1.46609e-20
23420.000000 1.46324e-20
23430.000000 1.46038e-20
23440.000000 1.45753e-20
23450.000000 1.45467e-20
23460.000000 1.45183e-20
23470.000000 1.44898e-20
23480.000000 1.44615e-20
23490.000000 1.44332e-20
23500.000000 1.44051e-20
23510.000000 1.4377e-20
23520.000000 1.43491e-20
23530.000000 1.43212e-20
23540.000000 1.42935e-20
23550.000000 1.42659e-20
23560.000000 1.42385e-20
23570.000000 1.42112e-20
23580.000000 1.4184e-20
23590.000000 1.4157e-20
23600.000000 1.41301e-20
23610.000000 1.41034e-20
23620.000000 1.40768e-20
23630.000000 1.40503e-20
23640.000000 1.4024e-20
23650.000000 1.39978e-20
23660.000000 1.39718e-20
23670.000000 1.3946e-20
23680.000000 1.39202e-20
23690.000000 1.38947e-20
23700.000000 1.38692e-20
23710.000000 1.38439e-20
23720.000000 1.38188e-20
23730.000000 1.37938e-20
23740.000000 1.37689e-20
23750.000000 1.37442e-20
23760.000000 1.37197e-20
23770.000000 1.36953e-20
23780.000000 1.36711e-20
23790.000000 1.3647e-20
23800.000000 1.36231e-20
23810.000000 1.35994e-20
23820.000000 1.35758e-20
23830.000000 1.35525e-20
23840.000000 1.35293e-20
23850.000000 1.35063e-20
23860.000000 1.34835e-20
23870.000000 1.3461e-20
23880.000000 1.34387e-20
23890.000000 1.34166e-20
23900.000000 1.33947e-20
23910.000000 1.33731e-20
23920.000000 1.33518e-20
23930.000000 1.33307e-20
23940.000000 1.33099e-20
23950.000000 1.32895e-20
23960.000000 1.32693e-20
23970.000000 1.32495e-20
23980.000000 1.323e-20
23990.000000 1.32108e-20
24000.000000 1.31921e-20
24010.000000 1.31737e-20
24020.000000 1.31557e-20
24030.000000 1.31381e-20
24040.000000 1.3121e-20
24050.000000 1.31042e-20
24060.000000 1.30879e-20
24070.000000 1.30721e-20
24080.000000 1.30568e-20
24090.000000 1.30419e-20
24100.000000 1.30275e-20
24110.000000 1.30137e-20
24120.000000 1.30003e-20
24130.000000 1.29875e-20
24140.000000 1.29752e-20
24150.000000 1.29634e-20
24160.000000 1.29522e-20
24170.000000 1.29415e-20
24180.000000 1.29314e-20
24190.000000 1.29218e-20
24200.000000 1.29128e-20
24210.000000 1.29044e-20
24220.000000 1.28965e-20
24230.000000 1.28891e-20
24240.000000 1.28823e-20
24250.000000 1.28761e-20
24260.000000 1.28704e-20
24270.000000 1.28652e-20
24280.000000 1.28606e-20
24290.000000 1.28564e-20
24300.000000 1.28528e-20
24310.000000 1.28497e-20
24320.000000 1.28471e-20
24330.000000 1.28449e-20
24340.000000 1.28433e-20
24350.000000 1.2842e-20
24360.000000 1.28413e-20
24370.000000 1.28409e-20
24380.000000 1.2841e-20
24390.000000 1.28415e-20
24400.000000 1.28423e-20
24410.000000 1.28436e-20
24420.000000 1.28452e-20
24430.000000 1.28471e-20
24440.000000 1.28494e-20
24450.000000 1.28521e-20
24460.000000 1.2855e-20
24470.000000 1.28582e-20
24480.000000 1.28618e-20
24490.000000 1.28656e-20
24500.000000 1.28696e-20
24510.000000 1.28739e-20
24520.000000 1.28785e-20
24530.000000 1.28833e-20
24540.000000 1.28883e-20
24550.000000 1.28936e-20
24560.000000 1.2899e-20
24570.000000 1.29046e-20
24580.000000 1.29104e-20
24590.000000 1.29164e-20
24600.000000 1.29225e-20
24610.000000 1.29288e-20
24620.000000 1.29352e-20
24630.000000 1.29417e-20
24640.000000 1.29483e-20
24650.000000 1.29551e-20
24660.000000 1.29619e-20
24670.000000 1.29688e-20
24680.000000 1.29757e-20
24690.000000 1.29827e-20
24700.000000 1.29897e-20
24710.000000 1.29967e-20
24720.000000 1.30037e-20
24730.000000 1.30106e-20
24740.000000 1.30176e-20
24750.000000 1.30244e-20
24760.000000 1.30312e-20
24770.000000 1.30378e-20
24780.000000 1.30443e-20
24790.000000 1.30507e-20
24800.000000 1.30569e-20
24810.000000 1.30629e-20
24820.000000 1.30686e-20
24830.000000 1.30742e-20
24840.000000 1.30794e-20
24850.000000 1.30843e-20
24860.000000 1.3089e-20
24870.000000 1.30932e-20
24880.000000 1.30971e-20
24890.000000 1.31006e-20
24900.000000 1.31037e-20
24910.000000 1.31063e-20
24920.000000 1.31084e-20
24930.000000 1.31101e-20
24940.000000 1.31112e-20
24950.000000 1.31117e-20
24960.000000 1.31117e-20
24970.000000 1.31111e-20
24980.000000 1.31099e-20
24990.000000 1.31081e-20
25000.000000 1.31056e-20
