3000.000000 1.72091e-19
3010.000000 1.72965e-19
3020.000000 1.73684e-19
3030.000000 1.74231e-19
3040.000000 1.74589e-19
3050.000000 1.74744e-19
3060.000000 1.74686e-19
3070.000000 1.74408e-19
3080.000000 1.73907e-19
3090.000000 1.73188e-19
3100.000000 1.72259e-19
3110.000000 1.71141e-19
3120.000000 1.69851e-19
3130.000000 1.6842e-19
3140.000000 1.66886e-19
3150.000000 1.65284e-19
3160.000000 1.63657e-19
3170.000000 1.62057e-19
3180.000000 1.60522e-19
3190.000000 1.591e-19
3200.000000 1.57838e-19
3210.000000 1.56768e-19
3220.000000 1.55927e-19
3230.000000 1.55342e-19
3240.000000 1.5503e-19
3250.000000 1.55004e-19
3260.000000 1.55267e-19
3270.000000 1.55815e-19
3280.000000 1.56636e-19
3290.000000 1.57708e-19
3300.000000 1.59011e-19
3310.000000 1.60514e-19
3320.000000 1.62181e-19
3330.000000 1.63983e-19
3340.000000 1.6588e-19
3350.000000 1.67834e-19
3360.000000 1.69815e-19
3370.000000 1.71786e-19
3380.000000 1.73714e-19
3390.000000 1.75574e-19
3400.000000 1.7734e-19
3410.000000 1.78987e-19
3420.000000 1.80503e-19
3430.000000 1.81871e-19
3440.000000 1.83083e-19
3450.000000 1.84136e-19
3460.000000 1.85029e-19
3470.000000 1.85768e-19
3480.000000 1.86362e-19
3490.000000 1.86826e-19
3500.000000 1.87179e-19
3510.000000 1.87442e-19
3520.000000 1.87642e-19
3530.000000 1.8781e-19
3540.000000 1.87973e-19
3550.000000 1.88166e-19
3560.000000 1.88426e-19
3570.000000 1.88783e-19
3580.000000 1.89273e-19
3590.000000 1.89931e-19
3600.000000 1.90784e-19
3610.000000 1.91863e-19
3620.000000 1.93193e-19
3630.000000 1.94793e-19
3640.000000 1.9668e-19
3650.000000 1.98865e-19
3660.000000 2.01351e-19
3670.000000 2.04138e-19
3680.000000 2.07217e-19
3690.000000 2.10574e-19
3700.000000 2.14188e-19
3710.000000 2.18031e-19
3720.000000 2.22076e-19
3730.000000 2.26285e-19
3740.000000 2.30618e-19
3750.000000 2.35043e-19
3760.000000 2.39515e-19
3770.000000 2.43996e-19
3780.000000 2.48455e-19
3790.000000 2.52858e-19
3800.000000 2.57176e-19
3810.000000 2.6139e-19
3820.000000 2.65481e-19
3830.000000 2.69438e-19
3840.000000 2.73253e-19
3850.000000 2.76923e-19
3860.000000 2.8045e-19
3870.000000 2.83837e-19
3880.000000 2.8709e-19
3890.000000 2.90217e-19
3900.000000 2.93224e-19
3910.000000 2.96122e-19
3920.000000 2.98917e-19
3930.000000 3.01617e-19
3940.000000 3.04232e-19
3950.000000 3.06755e-19
3960.000000 3.09214e-19
3970.000000 3.11666e-19
3980.000000 3.13836e-19
3990.000000 3.184e-19
4000.000000 3.32469e-19
4010.000000 3.62804e-19
4020.000000 4.03216e-19
4030.000000 4.32346e-19
4040.000000 4.54227e-19
4050.000000 4.73261e-19
4060.000000 4.95184e-19
4070.000000 5.20179e-19
4080.000000 5.48185e-19
4090.000000 5.78817e-19
4100.000000 6.05088e-19
4110.000000 6.23422e-19
4120.000000 6.32301e-19
4130.000000 6.37044e-19
4140.000000 6.41966e-19
4150.000000 6.52168e-19
4160.000000 6.66739e-19
4170.000000 6.82324e-19
4180.000000 6.92014e-19
4190.000000 6.98673e-19
4200.000000 7.08718e-19
4210.000000 7.34508e-19
4220.000000 7.73356e-19
4230.000000 8.20261e-19
4240.000000 8.6599e-19
4250.000000 9.04393e-19
4260.000000 9.33743e-19
4270.000000 9.5623e-19
4280.000000 9.86518e-19
4290.000000 1.03192e-18
4300.000000 1.09527e-18
4310.000000 1.16749e-18
4320.000000 1.24072e-18
4330.000000 1.30515e-18
4340.000000 1.36212e-18
4350.000000 1.4122e-18
4360.000000 1.45487e-18
4370.000000 1.4863e-18
4380.000000 1.50718e-18
4390.000000 1.52328e-18
4400.000000 1.53912e-18
4410.000000 1.55345e-18
4420.000000 1.55866e-18
4430.000000 1.54745e-18
4440.000000 1.51828e-18
4450.000000 1.47484e-18
4460.000000 1.42762e-18
4470.000000 1.38406e-18
4480.000000 1.35224e-18
4490.000000 1.33696e-18
4500.000000 1.34143e-18
4510.000000 1.36859e-18
4520.000000 1.40951e-18
4530.000000 1.45619e-18
4540.000000 1.49802e-18
4550.000000 1.53141e-18
4560.000000 1.55663e-18
4570.000000 1.57748e-18
4580.000000 1.59594e-18
4590.000000 1.61402e-18
4600.000000 1.63517e-18
4610.000000 1.66803e-18
4620.000000 1.7141e-18
4630.000000 1.76801e-18
4640.000000 1.81924e-18
4650.000000 1.86172e-18
4660.000000 1.89093e-18
4670.000000 1.90742e-18
4680.000000 1.91588e-18
4690.000000 1.92675e-18
4700.000000 1.93497e-18
4710.000000 1.93595e-18
4720.000000 1.92425e-18
4730.000000 1.90342e-18
4740.000000 1.87636e-18
4750.000000 1.84624e-18
4760.000000 1.81027e-18
4770.000000 1.76368e-18
4780.000000 1.69788e-18
4790.000000 1.61448e-18
4800.000000 1.52329e-18
4810.000000 1.44659e-18
4820.000000 1.39236e-18
4830.000000 1.35993e-18
4840.000000 1.34036e-18
4850.000000 1.32661e-18
4860.000000 1.3152e-18
4870.000000 1.3043e-18
4880.000000 1.29505e-18
4890.000000 1.28867e-18
4900.000000 1.28699e-18
4910.000000 1.2905e-18
4920.000000 1.29927e-18
4930.000000 1.31304e-18
4940.000000 1.33298e-18
4950.000000 1.36029e-18
4960.000000 1.39661e-18
4970.000000 1.44068e-18
4980.000000 1.48986e-18
4990.000000 1.53891e-18
5000.000000 1.58511e-18
5010.000000 1.6288e-18
5020.000000 1.67329e-18
5030.000000 1.7182e-18
5040.000000 1.76111e-18
5050.000000 1.79661e-18
5060.000000 1.82492e-18
5070.000000 1.84856e-18
5080.000000 1.87331e-18
5090.000000 1.90194e-18
5100.000000 1.93481e-18
5110.000000 1.97016e-18
5120.000000 2.00543e-18
5130.000000 2.03918e-18
5140.000000 2.07054e-18
5150.000000 2.10147e-18
5160.000000 2.13412e-18
5170.000000 2.17177e-18
5180.000000 2.21541e-18
5190.000000 2.26481e-18
5200.000000 2.31857e-18
5210.000000 2.376e-18
5220.000000 2.43671e-18
5230.000000 2.50024e-18
5240.000000 2.56399e-18
5250.000000 2.6258e-18
5260.000000 2.68291e-18
5270.000000 2.73424e-18
5280.000000 2.77932e-18
5290.000000 2.81786e-18
5300.000000 2.84906e-18
5310.000000 2.87266e-18
5320.000000 2.88891e-18
5330.000000 2.89997e-18
5340.000000 2.90687e-18
5350.000000 2.91e-18
5360.000000 2.9097e-18
5370.000000 2.90609e-18
5380.000000 2.8992e-18
5390.000000 2.88821e-18
5400.000000 2.87398e-18
5410.000000 2.85958e-18
5420.000000 2.84873e-18
5430.000000 2.84114e-18
5440.000000 2.83212e-18
5450.000000 2.8127e-18
5460.000000 2.77673e-18
5470.000000 2.71788e-18
5480.000000 2.63444e-18
5490.000000 2.52768e-18
5500.000000 2.40253e-18
5510.000000 2.26776e-18
5520.000000 2.12986e-18
5530.000000 1.9962e-18
5540.000000 1.87052e-18
5550.000000 1.75612e-18
5560.000000 1.6579e-18
5570.000000 1.58129e-18
5580.000000 1.52727e-18
5590.000000 1.49268e-18
5600.000000 1.47111e-18
5610.000000 1.45911e-18
5620.000000 1.45449e-18
5630.000000 1.4576e-18
5640.000000 1.46865e-18
5650.000000 1.48767e-18
5660.000000 1.51374e-18
5670.000000 1.54642e-18
5680.000000 1.58572e-18
5690.000000 1.63467e-18
5700.000000 1.69635e-18
5710.000000 1.77533e-18
5720.000000 1.8735e-18
5730.000000 1.99127e-18
5740.000000 2.12782e-18
5750.000000 2.28134e-18
5760.000000 2.44926e-18
5770.000000 2.6268e-18
5780.000000 2.80616e-18
5790.000000 2.98095e-18
5800.000000 3.14286e-18
5810.000000 3.28612e-18
5820.000000 3.40799e-18
5830.000000 3.50717e-18
5840.000000 3.58496e-18
5850.000000 3.6422e-18
5860.000000 3.67962e-18
5870.000000 3.69648e-18
5880.000000 3.69275e-18
5890.000000 3.6692e-18
5900.000000 3.62903e-18
5910.000000 3.57448e-18
5920.000000 3.50798e-18
5930.000000 3.43144e-18
5940.000000 3.34773e-18
5950.000000 3.26253e-18
5960.000000 3.18451e-18
5970.000000 3.12004e-18
5980.000000 3.07645e-18
5990.000000 3.05763e-18
6000.000000 3.06466e-18
6010.000000 3.09638e-18
6020.000000 3.14759e-18
6030.000000 3.21371e-18
6040.000000 3.28844e-18
6050.000000 3.36611e-18
6060.000000 3.44272e-18
6070.000000 3.51366e-18
6080.000000 3.57502e-18
6090.000000 3.62373e-18
6100.000000 3.65589e-18
6110.000000 3.66878e-18
6120.000000 3.66165e-18
6130.000000 3.63547e-18
6140.000000 3.59421e-18
6150.000000 3.54142e-18
6160.000000 3.48202e-18
6170.000000 3.41977e-18
6180.000000 3.35692e-18
6190.000000 3.29553e-18
6200.000000 3.2368e-18
6210.000000 3.1813e-18
6220.000000 3.12932e-18
6230.000000 3.07991e-18
6240.000000 3.03179e-18
6250.000000 2.98271e-18
6260.000000 2.93047e-18
6270.000000 2.87387e-18
6280.000000 2.81209e-18
6290.000000 2.7458e-18
6300.000000 2.67595e-18
6310.000000 2.60429e-18
6320.000000 2.53257e-18
6330.000000 2.46179e-18
6340.000000 2.39271e-18
6350.000000 2.3248e-18
6360.000000 2.25746e-18
6370.000000 2.18978e-18
6380.000000 2.12196e-18
6390.000000 2.05488e-18
6400.000000 1.99063e-18
6410.000000 1.93221e-18
6420.000000 1.88203e-18
6430.000000 1.84307e-18
6440.000000 1.81765e-18
6450.000000 1.80692e-18
6460.000000 1.8114e-18
6470.000000 1.82943e-18
6480.000000 1.85889e-18
6490.000000 1.89621e-18
6500.000000 1.93767e-18
6510.000000 1.98082e-18
6520.000000 2.0231e-18
6530.000000 2.06294e-18
6540.000000 2.09929e-18
6550.000000 2.13098e-18
6560.000000 2.15673e-18
6570.000000 2.1757e-18
6580.000000 2.18705e-18
6590.000000 2.19119e-18
6600.000000 2.18924e-18
6610.000000 2.18369e-18
6620.000000 2.17843e-18
6630.000000 2.1766e-18
6640.000000 2.18217e-18
6650.000000 2.19751e-18
6660.000000 2.22342e-18
6670.000000 2.25945e-18
6680.000000 2.30308e-18
6690.000000 2.35183e-18
6700.000000 2.402e-18
6710.000000 2.45008e-18
6720.000000 2.49368e-18
6730.000000 2.53031e-18
6740.000000 2.5586e-18
6750.000000 2.57803e-18
6760.000000 2.58852e-18
6770.000000 2.59082e-18
6780.000000 2.58579e-18
6790.000000 2.5748e-18
6800.000000 2.55953e-18
6810.000000 2.54127e-18
6820.000000 2.52166e-18
6830.000000 2.50202e-18
6840.000000 2.48314e-18
6850.000000 2.46565e-18
6860.000000 2.4493e-18
6870.000000 2.43342e-18
6880.000000 2.41659e-18
6890.000000 2.39684e-18
6900.000000 2.3728e-18
6910.000000 2.34294e-18
6920.000000 2.30675e-18
6930.000000 2.26445e-18
6940.000000 2.21706e-18
6950.000000 2.16672e-18
6960.000000 2.11531e-18
6970.000000 2.06546e-18
6980.000000 2.01934e-18
6990.000000 1.97821e-18
7000.000000 1.94303e-18
7010.000000 1.91355e-18
7020.000000 1.8891e-18
7030.000000 1.86831e-18
7040.000000 1.84942e-18
7050.000000 1.83122e-18
7060.000000 1.81233e-18
7070.000000 1.79212e-18
7080.000000 1.7705e-18
7090.000000 1.7478e-18
7100.000000 1.72494e-18
7110.000000 1.70266e-18
7120.000000 1.68197e-18
7130.000000 1.66327e-18
7140.000000 1.64644e-18
7150.000000 1.63072e-18
7160.000000 1.61463e-18
7170.000000 1.59694e-18
7180.000000 1.5761e-18
7190.000000 1.55129e-18
7200.000000 1.52231e-18
7210.000000 1.48951e-18
7220.000000 1.45394e-18
7230.000000 1.41667e-18
7240.000000 1.37928e-18
7250.000000 1.34359e-18
7260.000000 1.31108e-18
7270.000000 1.28364e-18
7280.000000 1.26284e-18
7290.000000 1.24953e-18
7300.000000 1.24425e-18
7310.000000 1.24636e-18
7320.000000 1.25479e-18
7330.000000 1.26751e-18
7340.000000 1.28176e-18
7350.000000 1.2955e-18
7360.000000 1.30633e-18
7370.000000 1.31347e-18
7380.000000 1.31701e-18
7390.000000 1.3179e-18
7400.000000 1.3172e-18
7410.000000 1.31559e-18
7420.000000 1.31365e-18
7430.000000 1.31197e-18
7440.000000 1.31102e-18
7450.000000 1.31151e-18
7460.000000 1.31404e-18
7470.000000 1.31898e-18
7480.000000 1.32667e-18
7490.000000 1.33715e-18
7500.000000 1.35035e-18
7510.000000 1.36611e-18
7520.000000 1.38426e-18
7530.000000 1.40472e-18
7540.000000 1.42745e-18
7550.000000 1.45242e-18
7560.000000 1.4795e-18
7570.000000 1.5084e-18
7580.000000 1.53854e-18
7590.000000 1.56935e-18
7600.000000 1.59995e-18
7610.000000 1.62932e-18
7620.000000 1.65668e-18
7630.000000 1.68102e-18
7640.000000 1.70156e-18
7650.000000 1.71786e-18
7660.000000 1.72961e-18
7670.000000 1.73699e-18
7680.000000 1.74035e-18
7690.000000 1.74045e-18
7700.000000 1.73836e-18
7710.000000 1.73492e-18
7720.000000 1.73111e-18
7730.000000 1.72743e-18
7740.000000 1.72392e-18
7750.000000 1.72015e-18
7760.000000 1.71501e-18
7770.000000 1.70746e-18
7780.000000 1.69596e-18
7790.000000 1.67908e-18
7800.000000 1.65599e-18
7810.000000 1.62604e-18
7820.000000 1.58959e-18
7830.000000 1.54742e-18
7840.000000 1.50112e-18
7850.000000 1.45298e-18
7860.000000 1.40487e-18
7870.000000 1.35925e-18
7880.000000 1.31811e-18
7890.000000 1.28266e-18
7900.000000 1.25392e-18
7910.000000 1.23202e-18
7920.000000 1.21677e-18
7930.000000 1.2075e-18
7940.000000 1.20328e-18
7950.000000 1.20336e-18
7960.000000 1.20681e-18
7970.000000 1.21277e-18
7980.000000 1.22064e-18
7990.000000 1.22966e-18
8000.000000 1.23905e-18
8010.000000 1.24812e-18
8020.000000 1.25596e-18
8030.000000 1.26163e-18
8040.000000 1.26447e-18
8050.000000 1.26377e-18
8060.000000 1.25914e-18
8070.000000 1.25048e-18
8080.000000 1.23789e-18
8090.000000 1.22188e-18
8100.000000 1.20298e-18
8110.000000 1.18207e-18
8120.000000 1.16026e-18
8130.000000 1.1385e-18
8140.000000 1.11814e-18
8150.000000 1.10053e-18
8160.000000 1.08666e-18
8170.000000 1.0777e-18
8180.000000 1.07443e-18
8190.000000 1.07727e-18
8200.000000 1.08642e-18
8210.000000 1.10155e-18
8220.000000 1.12217e-18
8230.000000 1.14736e-18
8240.000000 1.17586e-18
8250.000000 1.20661e-18
8260.000000 1.2382e-18
8270.000000 1.26923e-18
8280.000000 1.29868e-18
8290.000000 1.32536e-18
8300.000000 1.34839e-18
8310.000000 1.36734e-18
8320.000000 1.38198e-18
8330.000000 1.39265e-18
8340.000000 1.39978e-18
8350.000000 1.40412e-18
8360.000000 1.40644e-18
8370.000000 1.40728e-18
8380.000000 1.40718e-18
8390.000000 1.40644e-18
8400.000000 1.40517e-18
8410.000000 1.40345e-18
8420.000000 1.4012e-18
8430.000000 1.39837e-18
8440.000000 1.39484e-18
8450.000000 1.39048e-18
8460.000000 1.38518e-18
8470.000000 1.3788e-18
8480.000000 1.37122e-18
8490.000000 1.36238e-18
8500.000000 1.35218e-18
8510.000000 1.34061e-18
8520.000000 1.32769e-18
8530.000000 1.31354e-18
8540.000000 1.2984e-18
8550.000000 1.28252e-18
8560.000000 1.2663e-18
8570.000000 1.25016e-18
8580.000000 1.23445e-18
8590.000000 1.21962e-18
8600.000000 1.20606e-18
8610.000000 1.19409e-18
8620.000000 1.1841e-18
8630.000000 1.17642e-18
8640.000000 1.17127e-18
8650.000000 1.16884e-18
8660.000000 1.16912e-18
8670.000000 1.17199e-18
8680.000000 1.17717e-18
8690.000000 1.18415e-18
8700.000000 1.19248e-18
8710.000000 1.20152e-18
8720.000000 1.21065e-18
8730.000000 1.21945e-18
8740.000000 1.22747e-18
8750.000000 1.23448e-18
8760.000000 1.24037e-18
8770.000000 1.24513e-18
8780.000000 1.24888e-18
8790.000000 1.25176e-18
8800.000000 1.25402e-18
8810.000000 1.25599e-18
8820.000000 1.25792e-18
8830.000000 1.26011e-18
8840.000000 1.26271e-18
8850.000000 1.26569e-18
8860.000000 1.26887e-18
8870.000000 1.27184e-18
8880.000000 1.27427e-18
8890.000000 1.2757e-18
8900.000000 1.27579e-18
8910.000000 1.27428e-18
8920.000000 1.27092e-18
8930.000000 1.26539e-18
8940.000000 1.25742e-18
8950.000000 1.24659e-18
8960.000000 1.23246e-18
8970.000000 1.21471e-18
8980.000000 1.19298e-18
8990.000000 1.16709e-18
9000.000000 1.13705e-18
9010.000000 1.10299e-18
9020.000000 1.06533e-18
9030.000000 1.02448e-18
9040.000000 9.81123e-19
9050.000000 9.36068e-19
9060.000000 8.89997e-19
9070.000000 8.43823e-19
9080.000000 7.98485e-19
9090.000000 7.54695e-19
9100.000000 7.13336e-19
9110.000000 6.75171e-19
9120.000000 6.40719e-19
9130.000000 6.10527e-19
9140.000000 5.84929e-19
9150.000000 5.64087e-19
9160.000000 5.48092e-19
9170.000000 5.36886e-19
9180.000000 5.3039e-19
9190.000000 5.28467e-19
9200.000000 5.31018e-19
9210.000000 5.38e-19
9220.000000 5.49398e-19
9230.000000 5.65154e-19
9240.000000 5.85123e-19
9250.000000 6.08979e-19
9260.000000 6.36097e-19
9270.000000 6.65899e-19
9280.000000 6.97545e-19
9290.000000 7.30184e-19
9300.000000 7.63194e-19
9310.000000 7.95849e-19
9320.000000 8.27589e-19
9330.000000 8.58053e-19
9340.000000 8.86873e-19
9350.000000 9.13805e-19
9360.000000 9.38693e-19
9370.000000 9.61381e-19
9380.000000 9.8176e-19
9390.000000 9.99773e-19
9400.000000 1.01538e-18
9410.000000 1.02864e-18
9420.000000 1.03962e-18
9430.000000 1.04849e-18
9440.000000 1.05549e-18
9450.000000 1.06081e-18
9460.000000 1.06467e-18
9470.000000 1.06725e-18
9480.000000 1.06865e-18
9490.000000 1.06894e-18
9500.000000 1.06811e-18
9510.000000 1.06616e-18
9520.000000 1.06307e-18
9530.000000 1.05885e-18
9540.000000 1.05352e-18
9550.000000 1.04714e-18
9560.000000 1.0398e-18
9570.000000 1.0316e-18
9580.000000 1.02266e-18
9590.000000 1.01313e-18
9600.000000 1.00311e-18
9610.000000 9.92746e-19
9620.000000 9.82147e-19
9630.000000 9.71389e-19
9640.000000 9.60554e-19
9650.000000 9.49711e-19
9660.000000 9.38917e-19
9670.000000 9.28246e-19
9680.000000 9.17783e-19
9690.000000 9.07595e-19
9700.000000 8.97772e-19
9710.000000 8.88394e-19
9720.000000 8.79518e-19
9730.000000 8.71199e-19
9740.000000 8.63461e-19
9750.000000 8.56301e-19
9760.000000 8.49693e-19
9770.000000 8.43563e-19
9780.000000 8.3784e-19
9790.000000 8.32404e-19
9800.000000 8.27113e-19
9810.000000 8.21852e-19
9820.000000 8.16477e-19
9830.000000 8.10882e-19
9840.000000 8.05021e-19
9850.000000 7.98883e-19
9860.000000 7.92544e-19
9870.000000 7.86084e-19
9880.000000 7.79633e-19
9890.000000 7.73287e-19
9900.000000 7.67082e-19
9910.000000 7.61012e-19
9920.000000 7.5498e-19
9930.000000 7.48891e-19
9940.000000 7.42602e-19
9950.000000 7.36006e-19
9960.000000 7.29052e-19
9970.000000 7.21727e-19
9980.000000 7.141e-19
9990.000000 7.0625e-19
10000.000000 6.98304e-19
10010.000000 6.90382e-19
10020.000000 6.82559e-19
10030.000000 6.74907e-19
10040.000000 6.67457e-19
10050.000000 6.60231e-19
10060.000000 6.53251e-19
10070.000000 6.46543e-19
10080.000000 6.40129e-19
10090.000000 6.34032e-19
10100.000000 6.28258e-19
10110.000000 6.22804e-19
10120.000000 6.17652e-19
10130.000000 6.12771e-19
10140.000000 6.08129e-19
10150.000000 6.03675e-19
10160.000000 5.99349e-19
10170.000000 5.95103e-19
10180.000000 5.90874e-19
10190.000000 5.86615e-19
10200.000000 5.82296e-19
10210.000000 5.77896e-19
10220.000000 5.73412e-19
10230.000000 5.68853e-19
10240.000000 5.64237e-19
10250.000000 5.59598e-19
10260.000000 5.54968e-19
10270.000000 5.504e-19
10280.000000 5.45959e-19
10290.000000 5.41698e-19
10300.000000 5.37683e-19
10310.000000 5.33966e-19
10320.000000 5.30571e-19
10330.000000 5.2751e-19
10340.000000 5.2476e-19
10350.000000 5.2229e-19
10360.000000 5.20046e-19
10370.000000 5.17973e-19
10380.000000 5.16029e-19
10390.000000 5.14169e-19
10400.000000 5.12365e-19
10410.000000 5.10593e-19
10420.000000 5.08832e-19
10430.000000 5.07057e-19
10440.000000 5.05249e-19
10450.000000 5.03387e-19
10460.000000 5.01461e-19
10470.000000 4.99472e-19
10480.000000 4.97436e-19
10490.000000 4.95383e-19
10500.000000 4.9334e-19
10510.000000 4.9134e-19
10520.000000 4.89404e-19
10530.000000 4.87541e-19
10540.000000 4.85752e-19
10550.000000 4.84029e-19
10560.000000 4.82368e-19
10570.000000 4.80759e-19
10580.000000 4.79197e-19
10590.000000 4.77673e-19
10600.000000 4.76176e-19
10610.000000 4.74678e-19
10620.000000 4.7315e-19
10630.000000 4.71544e-19
10640.000000 4.69805e-19
10650.000000 4.6789e-19
10660.000000 4.65748e-19
10670.000000 4.63349e-19
10680.000000 4.60688e-19
10690.000000 4.57782e-19
10700.000000 4.54693e-19
10710.000000 4.51488e-19
10720.000000 4.48268e-19
10730.000000 4.45135e-19
10740.000000 4.42149e-19
10750.000000 4.39367e-19
10760.000000 4.3679e-19
10770.000000 4.34402e-19
10780.000000 4.32159e-19
10790.000000 4.30006e-19
10800.000000 4.279e-19
10810.000000 4.25793e-19
10820.000000 4.23655e-19
10830.000000 4.21471e-19
10840.000000 4.19231e-19
10850.000000 4.16937e-19
10860.000000 4.14593e-19
10870.000000 4.12202e-19
10880.000000 4.0976e-19
10890.000000 4.07259e-19
10900.000000 4.04684e-19
10910.000000 4.02016e-19
10920.000000 3.99242e-19
10930.000000 3.96344e-19
10940.000000 3.93319e-19
10950.000000 3.90166e-19
10960.000000 3.86891e-19
10970.000000 3.8351e-19
10980.000000 3.80036e-19
10990.000000 3.76488e-19
11000.000000 3.72882e-19
11010.000000 3.69225e-19
11020.000000 3.65523e-19
11030.000000 3.61765e-19
11040.000000 3.5794e-19
11050.000000 3.54027e-19
11060.000000 3.50008e-19
11070.000000 3.4588e-19
11080.000000 3.41649e-19
11090.000000 3.37356e-19
11100.000000 3.33054e-19
11110.000000 3.28829e-19
11120.000000 3.24795e-19
11130.000000 3.21037e-19
11140.000000 3.17658e-19
11150.000000 3.1471e-19
11160.000000 3.12205e-19
11170.000000 3.1012e-19
11180.000000 3.08396e-19
11190.000000 3.06992e-19
11200.000000 3.05861e-19
11210.000000 3.04996e-19
11220.000000 3.04396e-19
11230.000000 3.04074e-19
11240.000000 3.04029e-19
11250.000000 3.04249e-19
11260.000000 3.04707e-19
11270.000000 3.05358e-19
11280.000000 3.0617e-19
11290.000000 3.07101e-19
11300.000000 3.08122e-19
11310.000000 3.09216e-19
11320.000000 3.10365e-19
11330.000000 3.11554e-19
11340.000000 3.12772e-19
11350.000000 3.14e-19
11360.000000 3.15221e-19
11370.000000 3.16424e-19
11380.000000 3.17598e-19
11390.000000 3.18742e-19
11400.000000 3.19859e-19
11410.000000 3.20958e-19
11420.000000 3.22052e-19
11430.000000 3.23153e-19
11440.000000 3.24273e-19
11450.000000 3.25426e-19
11460.000000 3.26619e-19
11470.000000 3.27861e-19
11480.000000 3.29159e-19
11490.000000 3.30514e-19
11500.000000 3.31931e-19
11510.000000 3.33413e-19
11520.000000 3.34965e-19
11530.000000 3.36589e-19
11540.000000 3.38284e-19
11550.000000 3.40043e-19
11560.000000 3.41848e-19
11570.000000 3.43668e-19
11580.000000 3.45476e-19
11590.000000 3.47231e-19
11600.000000 3.48897e-19
11610.000000 3.50449e-19
11620.000000 3.51859e-19
11630.000000 3.53115e-19
11640.000000 3.54213e-19
11650.000000 3.55153e-19
11660.000000 3.55934e-19
11670.000000 3.56557e-19
11680.000000 3.57014e-19
11690.000000 3.57291e-19
11700.000000 3.57374e-19
11710.000000 3.57241e-19
11720.000000 3.56868e-19
11730.000000 3.56242e-19
11740.000000 3.55349e-19
11750.000000 3.54184e-19
11760.000000 3.52751e-19
11770.000000 3.51062e-19
11780.000000 3.49143e-19
11790.000000 3.47018e-19
11800.000000 3.4473e-19
11810.000000 3.42328e-19
11820.000000 3.39851e-19
11830.000000 3.37352e-19
11840.000000 3.34868e-19
11850.000000 3.32421e-19
11860.000000 3.30023e-19
11870.000000 3.27666e-19
11880.000000 3.25339e-19
11890.000000 3.23025e-19
11900.000000 3.20729e-19
11910.000000 3.18468e-19
11920.000000 3.16289e-19
11930.000000 3.14257e-19
11940.000000 3.12421e-19
11950.000000 3.10833e-19
11960.000000 3.0949e-19
11970.000000 3.0836e-19
11980.000000 3.07369e-19
11990.000000 3.06407e-19
12000.000000 3.054e-19
12010.000000 3.04259e-19
12020.000000 3.02947e-19
12030.000000 3.01451e-19
12040.000000 2.99781e-19
12050.000000 2.97976e-19
12060.000000 2.96068e-19
12070.000000 2.94105e-19
12080.000000 2.92119e-19
12090.000000 2.90124e-19
12100.000000 2.88116e-19
12110.000000 2.86059e-19
12120.000000 2.83919e-19
12130.000000 2.81643e-19
12140.000000 2.79192e-19
12150.000000 2.7655e-19
12160.000000 2.73708e-19
12170.000000 2.70688e-19
12180.000000 2.67511e-19
12190.000000 2.64215e-19
12200.000000 2.60843e-19
12210.000000 2.57429e-19
12220.000000 2.54018e-19
12230.000000 2.50652e-19
12240.000000 2.47364e-19
12250.000000 2.44194e-19
12260.000000 2.41176e-19
12270.000000 2.38333e-19
12280.000000 2.35692e-19
12290.000000 2.33273e-19
12300.000000 2.3109e-19
12310.000000 2.29162e-19
12320.000000 2.2751e-19
12330.000000 2.26157e-19
12340.000000 2.25137e-19
12350.000000 2.24494e-19
12360.000000 2.24265e-19
12370.000000 2.24498e-19
12380.000000 2.25222e-19
12390.000000 2.26445e-19
12400.000000 2.28154e-19
12410.000000 2.30296e-19
12420.000000 2.32818e-19
12430.000000 2.35643e-19
12440.000000 2.38703e-19
12450.000000 2.41958e-19
12460.000000 2.45374e-19
12470.000000 2.48947e-19
12480.000000 2.52677e-19
12490.000000 2.56573e-19
12500.000000 2.60639e-19
12510.000000 2.64872e-19
12520.000000 2.69266e-19
12530.000000 2.73802e-19
12540.000000 2.78466e-19
12550.000000 2.83236e-19
12560.000000 2.88093e-19
12570.000000 2.93023e-19
12580.000000 2.98008e-19
12590.000000 3.03028e-19
12600.000000 3.08066e-19
12610.000000 3.13097e-19
12620.000000 3.18093e-19
12630.000000 3.23027e-19
12640.000000 3.27866e-19
12650.000000 3.32575e-19
12660.000000 3.37127e-19
12670.000000 3.41487e-19
12680.000000 3.45626e-19
12690.000000 3.49522e-19
12700.000000 3.53148e-19
12710.000000 3.56487e-19
12720.000000 3.59526e-19
12730.000000 3.62257e-19
12740.000000 3.64677e-19
12750.000000 3.66789e-19
12760.000000 3.68602e-19
12770.000000 3.70132e-19
12780.000000 3.71393e-19
12790.000000 3.72409e-19
12800.000000 3.73203e-19
12810.000000 3.73794e-19
12820.000000 3.74203e-19
12830.000000 3.74448e-19
12840.000000 3.7454e-19
12850.000000 3.74489e-19
12860.000000 3.74303e-19
12870.000000 3.73984e-19
12880.000000 3.73538e-19
12890.000000 3.7297e-19
12900.000000 3.72283e-19
12910.000000 3.71488e-19
12920.000000 3.70595e-19
12930.000000 3.69614e-19
12940.000000 3.68558e-19
12950.000000 3.67441e-19
12960.000000 3.66271e-19
12970.000000 3.65058e-19
12980.000000 3.63809e-19
12990.000000 3.62528e-19
13000.000000 3.61215e-19
13010.000000 3.59867e-19
13020.000000 3.5848e-19
13030.000000 3.57048e-19
13040.000000 3.55556e-19
13050.000000 3.53991e-19
13060.000000 3.52335e-19
13070.000000 3.50569e-19
13080.000000 3.48681e-19
13090.000000 3.46653e-19
13100.000000 3.44474e-19
13110.000000 3.42139e-19
13120.000000 3.39643e-19
13130.000000 3.36991e-19
13140.000000 3.3419e-19
13150.000000 3.31251e-19
13160.000000 3.28195e-19
13170.000000 3.25038e-19
13180.000000 3.21805e-19
13190.000000 3.18523e-19
13200.000000 3.15212e-19
13210.000000 3.11902e-19
13220.000000 3.08618e-19
13230.000000 3.05381e-19
13240.000000 3.02214e-19
13250.000000 2.99141e-19
13260.000000 2.96177e-19
13270.000000 2.93341e-19
13280.000000 2.90651e-19
13290.000000 2.88117e-19
13300.000000 2.85754e-19
13310.000000 2.83572e-19
13320.000000 2.81576e-19
13330.000000 2.79773e-19
13340.000000 2.78162e-19
13350.000000 2.76741e-19
13360.000000 2.75501e-19
13370.000000 2.74427e-19
13380.000000 2.73505e-19
13390.000000 2.7271e-19
13400.000000 2.72013e-19
13410.000000 2.71387e-19
13420.000000 2.70797e-19
13430.000000 2.70201e-19
13440.000000 2.69567e-19
13450.000000 2.68851e-19
13460.000000 2.68017e-19
13470.000000 2.67046e-19
13480.000000 2.65925e-19
13490.000000 2.6467e-19
13500.000000 2.63307e-19
13510.000000 2.61884e-19
13520.000000 2.6046e-19
13530.000000 2.59074e-19
13540.000000 2.57769e-19
13550.000000 2.56565e-19
13560.000000 2.55465e-19
13570.000000 2.5446e-19
13580.000000 2.53537e-19
13590.000000 2.52685e-19
13600.000000 2.51894e-19
13610.000000 2.5116e-19
13620.000000 2.50485e-19
13630.000000 2.49872e-19
13640.000000 2.49322e-19
13650.000000 2.48837e-19
13660.000000 2.48414e-19
13670.000000 2.48048e-19
13680.000000 2.47733e-19
13690.000000 2.47462e-19
13700.000000 2.47228e-19
13710.000000 2.47027e-19
13720.000000 2.46858e-19
13730.000000 2.4672e-19
13740.000000 2.46611e-19
13750.000000 2.46533e-19
13760.000000 2.46479e-19
13770.000000 2.46446e-19
13780.000000 2.46424e-19
13790.000000 2.46397e-19
13800.000000 2.4635e-19
13810.000000 2.46265e-19
13820.000000 2.46118e-19
13830.000000 2.45888e-19
13840.000000 2.4555e-19
13850.000000 2.45075e-19
13860.000000 2.44439e-19
13870.000000 2.43613e-19
13880.000000 2.4257e-19
13890.000000 2.41293e-19
13900.000000 2.39772e-19
13910.000000 2.38023e-19
13920.000000 2.36073e-19
13930.000000 2.33977e-19
13940.000000 2.31817e-19
13950.000000 2.29658e-19
13960.000000 2.27585e-19
13970.000000 2.25663e-19
13980.000000 2.23924e-19
13990.000000 2.22388e-19
14000.000000 2.2104e-19
14010.000000 2.1986e-19
14020.000000 2.18812e-19
14030.000000 2.17858e-19
14040.000000 2.16972e-19
14050.000000 2.16123e-19
14060.000000 2.15295e-19
14070.000000 2.14476e-19
14080.000000 2.13659e-19
14090.000000 2.12839e-19
14100.000000 2.12017e-19
14110.000000 2.11192e-19
14120.000000 2.10365e-19
14130.000000 2.09536e-19
14140.000000 2.08705e-19
14150.000000 2.07873e-19
14160.000000 2.0704e-19
14170.000000 2.06208e-19
14180.000000 2.05378e-19
14190.000000 2.04552e-19
14200.000000 2.03731e-19
14210.000000 2.02916e-19
14220.000000 2.02111e-19
14230.000000 2.01315e-19
14240.000000 2.00533e-19
14250.000000 1.99764e-19
14260.000000 1.99012e-19
14270.000000 1.98278e-19
14280.000000 1.97564e-19
14290.000000 1.96871e-19
14300.000000 1.96201e-19
14310.000000 1.95555e-19
14320.000000 1.94934e-19
14330.000000 1.9434e-19
14340.000000 1.93773e-19
14350.000000 1.93234e-19
14360.000000 1.92724e-19
14370.000000 1.92243e-19
14380.000000 1.9179e-19
14390.000000 1.91367e-19
14400.000000 1.90974e-19
14410.000000 1.90609e-19
14420.000000 1.90272e-19
14430.000000 1.89965e-19
14440.000000 1.89685e-19
14450.000000 1.89429e-19
14460.000000 1.89206e-19
14470.000000 1.89039e-19
14480.000000 1.88739e-19
14490.000000 1.88268e-19
14500.000000 1.87734e-19
14510.000000 1.87194e-19
14520.000000 1.86664e-19
14530.000000 1.86135e-19
14540.000000 1.85607e-19
14550.000000 1.8508e-19
14560.000000 1.84554e-19
14570.000000 1.84028e-19
14580.000000 1.83503e-19
14590.000000 1.82977e-19
14600.000000 1.82451e-19
14610.000000 1.81925e-19
14620.000000 1.81398e-19
14630.000000 1.8087e-19
14640.000000 1.80343e-19
14650.000000 1.79815e-19
14660.000000 1.79287e-19
14670.000000 1.78759e-19
14680.000000 1.78232e-19
14690.000000 1.77705e-19
14700.000000 1.77179e-19
14710.000000 1.76654e-19
14720.000000 1.76129e-19
14730.000000 1.75606e-19
14740.000000 1.75085e-19
14750.000000 1.74564e-19
14760.000000 1.74046e-19
14770.000000 1.73529e-19
14780.000000 1.73013e-19
14790.000000 1.72499e-19
14800.000000 1.71987e-19
14810.000000 1.71476e-19
14820.000000 1.70967e-19
14830.000000 1.70458e-19
14840.000000 1.69951e-19
14850.000000 1.69444e-19
14860.000000 1.68938e-19
14870.000000 1.68431e-19
14880.000000 1.67925e-19
14890.000000 1.67417e-19
14900.000000 1.66909e-19
14910.000000 1.66398e-19
14920.000000 1.65886e-19
14930.000000 1.6537e-19
14940.000000 1.64852e-19
14950.000000 1.64329e-19
14960.000000 1.63802e-19
14970.000000 1.6327e-19
14980.000000 1.62732e-19
14990.000000 1.62187e-19
15000.000000 1.61636e-19
15010.000000 1.61077e-19
15020.000000 1.6051e-19
15030.000000 1.59935e-19
15040.000000 1.59351e-19
15050.000000 1.58757e-19
15060.000000 1.58154e-19
15070.000000 1.57541e-19
15080.000000 1.56918e-19
15090.000000 1.56284e-19
15100.000000 1.55641e-19
15110.000000 1.54987e-19
15120.000000 1.54323e-19
15130.000000 1.5365e-19
15140.000000 1.52968e-19
15150.000000 1.52276e-19
15160.000000 1.51576e-19
15170.000000 1.50868e-19
15180.000000 1.50153e-19
15190.000000 1.49431e-19
15200.000000 1.48703e-19
15210.000000 1.4797e-19
15220.000000 1.47232e-19
15230.000000 1.4649e-19
15240.000000 1.45744e-19
15250.000000 1.44996e-19
15260.000000 1.44247e-19
15270.000000 1.43495e-19
15280.000000 1.42743e-19
15290.000000 1.41991e-19
15300.000000 1.41238e-19
15310.000000 1.40486e-19
15320.000000 1.39735e-19
15330.000000 1.38985e-19
15340.000000 1.38237e-19
15350.000000 1.3749e-19
15360.000000 1.36745e-19
15370.000000 1.36003e-19
15380.000000 1.35263e-19
15390.000000 1.34527e-19
15400.000000 1.33793e-19
15410.000000 1.33063e-19
15420.000000 1.32337e-19
15430.000000 1.31615e-19
15440.000000 1.30899e-19
15450.000000 1.30188e-19
15460.000000 1.29483e-19
15470.000000 1.28785e-19
15480.000000 1.28095e-19
15490.000000 1.27414e-19
15500.000000 1.26743e-19
15510.000000 1.26082e-19
15520.000000 1.25433e-19
15530.000000 1.24798e-19
15540.000000 1.24177e-19
15550.000000 1.23571e-19
15560.000000 1.22982e-19
15570.000000 1.22411e-19
15580.000000 1.2186e-19
15590.000000 1.21329e-19
15600.000000 1.20821e-19
15610.000000 1.20335e-19
15620.000000 1.19873e-19
15630.000000 1.19437e-19
15640.000000 1.19027e-19
15650.000000 1.18644e-19
15660.000000 1.18288e-19
15670.000000 1.17961e-19
15680.000000 1.17663e-19
15690.000000 1.17394e-19
15700.000000 1.17155e-19
15710.000000 1.16945e-19
15720.000000 1.16764e-19
15730.000000 1.16613e-19
15740.000000 1.16491e-19
15750.000000 1.16396e-19
15760.000000 1.1633e-19
15770.000000 1.1629e-19
15780.000000 1.16276e-19
15790.000000 1.16286e-19
15800.000000 1.1632e-19
15810.000000 1.16377e-19
15820.000000 1.16454e-19
15830.000000 1.16551e-19
15840.000000 1.16666e-19
15850.000000 1.16798e-19
15860.000000 1.16945e-19
15870.000000 1.17105e-19
15880.000000 1.17278e-19
15890.000000 1.17461e-19
15900.000000 1.17655e-19
15910.000000 1.17856e-19
15920.000000 1.18064e-19
15930.000000 1.18277e-19
15940.000000 1.18495e-19
15950.000000 1.18717e-19
15960.000000 1.18941e-19
15970.000000 1.19166e-19
15980.000000 1.19392e-19
15990.000000 1.19619e-19
16000.000000 1.19844e-19
16010.000000 1.20068e-19
16020.000000 1.2029e-19
16030.000000 1.2051e-19
16040.000000 1.20728e-19
16050.000000 1.20942e-19
16060.000000 1.21154e-19
16070.000000 1.21363e-19
16080.000000 1.21569e-19
16090.000000 1.21773e-19
16100.000000 1.21974e-19
16110.000000 1.22174e-19
16120.000000 1.22372e-19
16130.000000 1.22569e-19
16140.000000 1.22766e-19
16150.000000 1.22963e-19
16160.000000 1.23162e-19
16170.000000 1.23363e-19
16180.000000 1.23568e-19
16190.000000 1.23776e-19
16200.000000 1.23988e-19
16210.000000 1.24207e-19
16220.000000 1.24431e-19
16230.000000 1.24661e-19
16240.000000 1.24899e-19
16250.000000 1.25143e-19
16260.000000 1.25394e-19
16270.000000 1.25652e-19
16280.000000 1.25916e-19
16290.000000 1.26186e-19
16300.000000 1.2646e-19
16310.000000 1.26737e-19
16320.000000 1.27016e-19
16330.000000 1.27295e-19
16340.000000 1.27573e-19
16350.000000 1.27847e-19
16360.000000 1.28117e-19
16370.000000 1.28379e-19
16380.000000 1.28631e-19
16390.000000 1.28873e-19
16400.000000 1.29102e-19
16410.000000 1.29316e-19
16420.000000 1.29513e-19
16430.000000 1.29693e-19
16440.000000 1.29855e-19
16450.000000 1.29996e-19
16460.000000 1.30117e-19
16470.000000 1.30217e-19
16480.000000 1.30296e-19
16490.000000 1.30355e-19
16500.000000 1.30392e-19
16510.000000 1.30409e-19
16520.000000 1.30406e-19
16530.000000 1.30384e-19
16540.000000 1.30344e-19
16550.000000 1.30287e-19
16560.000000 1.30214e-19
16570.000000 1.30125e-19
16580.000000 1.30023e-19
16590.000000 1.29907e-19
16600.000000 1.29779e-19
16610.000000 1.29641e-19
16620.000000 1.29491e-19
16630.000000 1.29332e-19
16640.000000 1.29165e-19
16650.000000 1.28989e-19
16660.000000 1.28805e-19
16670.000000 1.28613e-19
16680.000000 1.28415e-19
16690.000000 1.2821e-19
16700.000000 1.27998e-19
16710.000000 1.2778e-19
16720.000000 1.27555e-19
16730.000000 1.27324e-19
16740.000000 1.27087e-19
16750.000000 1.26844e-19
16760.000000 1.26594e-19
16770.000000 1.26339e-19
16780.000000 1.26078e-19
16790.000000 1.25811e-19
16800.000000 1.25538e-19
16810.000000 1.2526e-19
16820.000000 1.24976e-19
16830.000000 1.24687e-19
16840.000000 1.24394e-19
16850.000000 1.24096e-19
16860.000000 1.23794e-19
16870.000000 1.23488e-19
16880.000000 1.23179e-19
16890.000000 1.22867e-19
16900.000000 1.22553e-19
16910.000000 1.22237e-19
16920.000000 1.2192e-19
16930.000000 1.21603e-19
16940.000000 1.21285e-19
16950.000000 1.20968e-19
16960.000000 1.20652e-19
16970.000000 1.20338e-19
16980.000000 1.20026e-19
16990.000000 1.19717e-19
17000.000000 1.19411e-19
17010.000000 1.1911e-19
17020.000000 1.18812e-19
17030.000000 1.1852e-19
17040.000000 1.18232e-19
17050.000000 1.1795e-19
17060.000000 1.17674e-19
17070.000000 1.17404e-19
17080.000000 1.1714e-19
17090.000000 1.16882e-19
17100.000000 1.16631e-19
17110.000000 1.16386e-19
17120.000000 1.16147e-19
17130.000000 1.15915e-19
17140.000000 1.15689e-19
17150.000000 1.15468e-19
17160.000000 1.15253e-19
17170.000000 1.15042e-19
17180.000000 1.14837e-19
17190.000000 1.14636e-19
17200.000000 1.14438e-19
17210.000000 1.14244e-19
17220.000000 1.14052e-19
17230.000000 1.13863e-19
17240.000000 1.13674e-19
17250.000000 1.13487e-19
17260.000000 1.133e-19
17270.000000 1.13113e-19
17280.000000 1.12925e-19
17290.000000 1.12736e-19
17300.000000 1.12545e-19
17310.000000 1.12351e-19
17320.000000 1.12155e-19
17330.000000 1.11955e-19
17340.000000 1.11751e-19
17350.000000 1.11544e-19
17360.000000 1.11332e-19
17370.000000 1.11116e-19
17380.000000 1.10896e-19
17390.000000 1.1067e-19
17400.000000 1.1044e-19
17410.000000 1.10206e-19
17420.000000 1.09966e-19
17430.000000 1.09723e-19
17440.000000 1.09475e-19
17450.000000 1.09223e-19
17460.000000 1.08967e-19
17470.000000 1.08707e-19
17480.000000 1.08445e-19
17490.000000 1.08179e-19
17500.000000 1.07911e-19
17510.000000 1.0764e-19
17520.000000 1.07368e-19
17530.000000 1.07094e-19
17540.000000 1.06819e-19
17550.000000 1.06544e-19
17560.000000 1.06267e-19
17570.000000 1.05991e-19
17580.000000 1.05715e-19
17590.000000 1.05439e-19
17600.000000 1.05164e-19
17610.000000 1.0489e-19
17620.000000 1.04617e-19
17630.000000 1.04345e-19
17640.000000 1.04074e-19
17650.000000 1.03805e-19
17660.000000 1.03538e-19
17670.000000 1.03272e-19
17680.000000 1.03009e-19
17690.000000 1.02746e-19
17700.000000 1.02486e-19
17710.000000 1.02228e-19
17720.000000 1.01971e-19
17730.000000 1.01717e-19
17740.000000 1.01464e-19
17750.000000 1.01213e-19
17760.000000 1.00964e-19
17770.000000 1.00717e-19
17780.000000 1.00472e-19
17790.000000 1.00228e-19
17800.000000 9.99868e-20
17810.000000 9.97473e-20
17820.000000 9.95096e-20
17830.000000 9.9274e-20
17840.000000 9.90405e-20
17850.000000 9.88091e-20
17860.000000 9.85799e-20
17870.000000 9.8353e-20
17880.000000 9.81286e-20
17890.000000 9.79067e-20
17900.000000 9.76875e-20
17910.000000 9.74712e-20
17920.000000 9.72579e-20
17930.000000 9.70477e-20
17940.000000 9.68409e-20
17950.000000 9.66377e-20
17960.000000 9.64383e-20
17970.000000 9.62429e-20
17980.000000 9.60516e-20
17990.000000 9.58649e-20
18000.000000 9.56828e-20
18010.000000 9.55056e-20
18020.000000 9.53336e-20
18030.000000 9.51669e-20
18040.000000 9.50058e-20
18050.000000 9.48506e-20
18060.000000 9.47014e-20
18070.000000 9.45584e-20
18080.000000 9.44218e-20
18090.000000 9.42919e-20
18100.000000 9.41686e-20
18110.000000 9.40523e-20
18120.000000 9.39429e-20
18130.000000 9.38406e-20
18140.000000 9.37454e-20
18150.000000 9.36573e-20
18160.000000 9.35765e-20
18170.000000 9.35027e-20
18180.000000 9.34361e-20
18190.000000 9.33766e-20
18200.000000 9.3324e-20
18210.000000 9.32782e-20
18220.000000 9.32391e-20
18230.000000 9.32066e-20
18240.000000 9.31804e-20
18250.000000 9.31605e-20
18260.000000 9.31464e-20
18270.000000 9.31382e-20
18280.000000 9.31356e-20
18290.000000 9.31382e-20
18300.000000 9.31459e-20
18310.000000 9.31586e-20
18320.000000 9.31758e-20
18330.000000 9.31975e-20
18340.000000 9.32234e-20
18350.000000 9.32532e-20
18360.000000 9.32869e-20
18370.000000 9.33241e-20
18380.000000 9.33647e-20
18390.000000 9.34084e-20
18400.000000 9.34552e-20
18410.000000 9.35048e-20
18420.000000 9.3557e-20
18430.000000 9.36116e-20
18440.000000 9.36685e-20
18450.000000 9.37275e-20
18460.000000 9.37883e-20
18470.000000 9.38508e-20
18480.000000 9.39148e-20
18490.000000 9.39801e-20
18500.000000 9.40463e-20
18510.000000 9.41133e-20
18520.000000 9.41809e-20
18530.000000 9.42486e-20
18540.000000 9.43163e-20
18550.000000 9.43836e-20
18560.000000 9.44501e-20
18570.000000 9.45157e-20
18580.000000 9.45798e-20
18590.000000 9.46421e-20
18600.000000 9.47022e-20
18610.000000 9.47598e-20
18620.000000 9.48144e-20
18630.000000 9.48655e-20
18640.000000 9.49128e-20
18650.000000 9.49557e-20
18660.000000 9.4994e-20
18670.000000 9.50271e-20
18680.000000 9.50545e-20
18690.000000 9.5076e-20
18700.000000 9.5091e-20
18710.000000 9.50991e-20
18720.000000 9.51e-20
18730.000000 9.50932e-20
18740.000000 9.50785e-20
18750.000000 9.50554e-20
18760.000000 9.50236e-20
18770.000000 9.49829e-20
18780.000000 9.4933e-20
18790.000000 9.48736e-20
18800.000000 9.48045e-20
18810.000000 9.47256e-20
18820.000000 9.46367e-20
18830.000000 9.45376e-20
18840.000000 9.44282e-20
18850.000000 9.43087e-20
18860.000000 9.41788e-20
18870.000000 9.40386e-20
18880.000000 9.38882e-20
18890.000000 9.37276e-20
18900.000000 9.3557e-20
18910.000000 9.33765e-20
18920.000000 9.31863e-20
18930.000000 9.29865e-20
18940.000000 9.27774e-20
18950.000000 9.25593e-20
18960.000000 9.23323e-20
18970.000000 9.20968e-20
18980.000000 9.18532e-20
18990.000000 9.16017e-20
19000.000000 9.13426e-20
19010.000000 9.10763e-20
19020.000000 9.08032e-20
19030.000000 9.05237e-20
19040.000000 9.0238e-20
19050.000000 8.99465e-20
19060.000000 8.96497e-20
19070.000000 8.93479e-20
19080.000000 8.90415e-20
19090.000000 8.87308e-20
19100.000000 8.84162e-20
19110.000000 8.80981e-20
19120.000000 8.77768e-20
19130.000000 8.74527e-20
19140.000000 8.71261e-20
19150.000000 8.67974e-20
19160.000000 8.6467e-20
19170.000000 8.61352e-20
19180.000000 8.58023e-20
19190.000000 8.54687e-20
19200.000000 8.51347e-20
19210.000000 8.48007e-20
19220.000000 8.4467e-20
19230.000000 8.41339e-20
19240.000000 8.38018e-20
19250.000000 8.3471e-20
19260.000000 8.31417e-20
19270.000000 8.28144e-20
19280.000000 8.24893e-20
19290.000000 8.21667e-20
19300.000000 8.18468e-20
19310.000000 8.153e-20
19320.000000 8.12165e-20
19330.000000 8.09065e-20
19340.000000 8.06002e-20
19350.000000 8.02978e-20
19360.000000 7.99994e-20
19370.000000 7.97053e-20
19380.000000 7.94154e-20
19390.000000 7.91299e-20
19400.000000 7.88488e-20
19410.000000 7.85721e-20
19420.000000 7.82999e-20
19430.000000 7.8032e-20
19440.000000 7.77685e-20
19450.000000 7.75093e-20
19460.000000 7.72542e-20
19470.000000 7.70031e-20
19480.000000 7.67559e-20
19490.000000 7.65124e-20
19500.000000 7.62725e-20
19510.000000 7.60359e-20
19520.000000 7.58026e-20
19530.000000 7.55722e-20
19540.000000 7.53447e-20
19550.000000 7.51198e-20
19560.000000 7.48975e-20
19570.000000 7.46774e-20
19580.000000 7.44596e-20
19590.000000 7.42439e-20
19600.000000 7.40302e-20
19610.000000 7.38184e-20
19620.000000 7.36085e-20
19630.000000 7.34003e-20
19640.000000 7.3194e-20
19650.000000 7.29896e-20
19660.000000 7.27869e-20
19670.000000 7.25862e-20
19680.000000 7.23874e-20
19690.000000 7.21906e-20
19700.000000 7.19959e-20
19710.000000 7.18034e-20
19720.000000 7.16132e-20
19730.000000 7.14253e-20
19740.000000 7.124e-20
19750.000000 7.10571e-20
19760.000000 7.08769e-20
19770.000000 7.06994e-20
19780.000000 7.05246e-20
19790.000000 7.03526e-20
19800.000000 7.01834e-20
19810.000000 7.00169e-20
19820.000000 6.98533e-20
19830.000000 6.96923e-20
19840.000000 6.9534e-20
19850.000000 6.93783e-20
19860.000000 6.9225e-20
19870.000000 6.9074e-20
19880.000000 6.89252e-20
19890.000000 6.87785e-20
19900.000000 6.86337e-20
19910.000000 6.84905e-20
19920.000000 6.83488e-20
19930.000000 6.82084e-20
19940.000000 6.80691e-20
19950.000000 6.79306e-20
19960.000000 6.77929e-20
19970.000000 6.76556e-20
19980.000000 6.75186e-20
19990.000000 6.73817e-20
20000.000000 6.72447e-20
20010.000000 6.71075e-20
20020.000000 6.69698e-20
20030.000000 6.68315e-20
20040.000000 6.66925e-20
20050.000000 6.65526e-20
20060.000000 6.64118e-20
20070.000000 6.62699e-20
20080.000000 6.61268e-20
20090.000000 6.59824e-20
20100.000000 6.58368e-20
20110.000000 6.56897e-20
20120.000000 6.55412e-20
20130.000000 6.53913e-20
20140.000000 6.52399e-20
20150.000000 6.5087e-20
20160.000000 6.49326e-20
20170.000000 6.47766e-20
20180.000000 6.46192e-20
20190.000000 6.44602e-20
20200.000000 6.42998e-20
20210.000000 6.4138e-20
20220.000000 6.39747e-20
20230.000000 6.381e-20
20240.000000 6.36439e-20
20250.000000 6.34766e-20
20260.000000 6.3308e-20
20270.000000 6.31381e-20
20280.000000 6.29671e-20
20290.000000 6.2795e-20
20300.000000 6.26218e-20
20310.000000 6.24475e-20
20320.000000 6.22723e-20
20330.000000 6.20962e-20
20340.000000 6.19192e-20
20350.000000 6.17414e-20
20360.000000 6.15628e-20
20370.000000 6.13836e-20
20380.000000 6.12037e-20
20390.000000 6.10233e-20
20400.000000 6.08423e-20
20410.000000 6.06609e-20
20420.000000 6.04791e-20
20430.000000 6.02969e-20
20440.000000 6.01144e-20
20450.000000 5.99316e-20
20460.000000 5.97487e-20
20470.000000 5.95657e-20
20480.000000 5.93826e-20
20490.000000 5.91994e-20
20500.000000 5.90163e-20
20510.000000 5.88332e-20
20520.000000 5.86503e-20
20530.000000 5.84676e-20
20540.000000 5.82852e-20
20550.000000 5.8103e-20
20560.000000 5.79211e-20
20570.000000 5.77397e-20
20580.000000 5.75586e-20
20590.000000 5.73781e-20
20600.000000 5.71981e-20
20610.000000 5.70187e-20
20620.000000 5.68399e-20
20630.000000 5.66617e-20
20640.000000 5.64842e-20
20650.000000 5.63075e-20
20660.000000 5.61315e-20
20670.000000 5.59563e-20
20680.000000 5.57819e-20
20690.000000 5.56083e-20
20700.000000 5.54357e-20
20710.000000 5.52638e-20
20720.000000 5.50929e-20
20730.000000 5.49229e-20
20740.000000 5.47537e-20
20750.000000 5.45855e-20
20760.000000 5.44181e-20
20770.000000 5.42517e-20
20780.000000 5.40861e-20
20790.000000 5.39214e-20
20800.000000 5.37575e-20
20810.000000 5.35945e-20
20820.000000 5.34323e-20
20830.000000 5.32709e-20
20840.000000 5.31102e-20
20850.000000 5.29503e-20
20860.000000 5.27911e-20
20870.000000 5.26325e-20
20880.000000 5.24745e-20
20890.000000 5.23172e-20
20900.000000 5.21603e-20
20910.000000 5.2004e-20
20920.000000 5.18481e-20
20930.000000 5.16926e-20
20940.000000 5.15375e-20
20950.000000 5.13827e-20
20960.000000 5.12282e-20
20970.000000 5.10739e-20
20980.000000 5.09198e-20
20990.000000 5.07659e-20
21000.000000 5.06121e-20
21010.000000 5.04584e-20
21020.000000 5.03048e-20
21030.000000 5.01512e-20
21040.000000 4.99976e-20
21050.000000 4.9844e-20
21060.000000 4.96904e-20
21070.000000 4.95368e-20
21080.000000 4.93832e-20
21090.000000 4.92296e-20
21100.000000 4.9076e-20
21110.000000 4.89225e-20
21120.000000 4.8769e-20
21130.000000 4.86157e-20
21140.000000 4.84625e-20
21150.000000 4.83095e-20
21160.000000 4.81569e-20
21170.000000 4.80045e-20
21180.000000 4.78526e-20
21190.000000 4.77011e-20
21200.000000 4.75503e-20
21210.000000 4.74001e-20
21220.000000 4.72506e-20
21230.000000 4.7102e-20
21240.000000 4.69542e-20
21250.000000 4.68075e-20
21260.000000 4.66619e-20
21270.000000 4.65175e-20
21280.000000 4.63743e-20
21290.000000 4.62324e-20
21300.000000 4.6092e-20
21310.000000 4.59531e-20
21320.000000 4.58156e-20
21330.000000 4.56798e-20
21340.000000 4.55456e-20
21350.000000 4.5413e-20
21360.000000 4.52822e-20
21370.000000 4.5153e-20
21380.000000 4.50256e-20
21390.000000 4.48999e-20
21400.000000 4.47759e-20
21410.000000 4.46537e-20
21420.000000 4.45331e-20
21430.000000 4.44142e-20
21440.000000 4.42969e-20
21450.000000 4.41812e-20
21460.000000 4.40672e-20
21470.000000 4.39546e-20
21480.000000 4.38435e-20
21490.000000 4.37339e-20
21500.000000 4.36257e-20
21510.000000 4.35188e-20
21520.000000 4.34133e-20
21530.000000 4.33091e-20
21540.000000 4.32061e-20
21550.000000 4.31044e-20
21560.000000 4.30039e-20
21570.000000 4.29046e-20
21580.000000 4.28065e-20
21590.000000 4.27095e-20
21600.000000 4.26137e-20
21610.000000 4.25191e-20
21620.000000 4.24256e-20
21630.000000 4.23333e-20
21640.000000 4.22422e-20
21650.000000 4.21523e-20
21660.000000 4.20636e-20
21670.000000 4.19761e-20
21680.000000 4.18899e-20
21690.000000 4.18049e-20
21700.000000 4.17212e-20
21710.000000 4.16387e-20
21720.000000 4.15576e-20
21730.000000 4.14777e-20
21740.000000 4.13991e-20
21750.000000 4.13219e-20
21760.000000 4.12459e-20
21770.000000 4.11712e-20
21780.000000 4.10977e-20
21790.000000 4.10255e-20
21800.000000 4.09545e-20
21810.000000 4.08847e-20
21820.000000 4.08161e-20
21830.000000 4.07485e-20
21840.000000 4.0682e-20
21850.000000 4.06165e-20
21860.000000 4.05519e-20
21870.000000 4.04882e-20
21880.000000 4.04253e-20
21890.000000 4.03632e-20
21900.000000 4.03017e-20
21910.000000 4.02408e-20
21920.000000 4.01805e-20
21930.000000 4.01206e-20
21940.000000 4.00611e-20
21950.000000 4.00019e-20
21960.000000 3.9943e-20
21970.000000 3.98842e-20
21980.000000 3.98256e-20
21990.000000 3.97671e-20
22000.000000 3.97086e-20
22010.000000 3.965e-20
22020.000000 3.95915e-20
22030.000000 3.95329e-20
22040.000000 3.94742e-20
22050.000000 3.94155e-20
22060.000000 3.93567e-20
22070.000000 3.92979e-20
22080.000000 3.92392e-20
22090.000000 3.91804e-20
22100.000000 3.91218e-20
22110.000000 3.90633e-20
22120.000000 3.9005e-20
22130.000000 3.89471e-20
22140.000000 3.88895e-20
22150.000000 3.88324e-20
22160.000000 3.87758e-20
22170.000000 3.87198e-20
22180.000000 3.86646e-20
22190.000000 3.86102e-20
22200.000000 3.85568e-20
22210.000000 3.85043e-20
22220.000000 3.84528e-20
22230.000000 3.84025e-20
22240.000000 3.83535e-20
22250.000000 3.83057e-20
22260.000000 3.82592e-20
22270.000000 3.82141e-20
22280.000000 3.81705e-20
22290.000000 3.81283e-20
22300.000000 3.80876e-20
22310.000000 3.80484e-20
22320.000000 3.80107e-20
22330.000000 3.79745e-20
22340.000000 3.79399e-20
22350.000000 3.79067e-20
22360.000000 3.78751e-20
22370.000000 3.78449e-20
22380.000000 3.78162e-20
22390.000000 3.77889e-20
22400.000000 3.7763e-20
22410.000000 3.77385e-20
22420.000000 3.77153e-20
22430.000000 3.76934e-20
22440.000000 3.76727e-20
22450.000000 3.76533e-20
22460.000000 3.7635e-20
22470.000000 3.76178e-20
22480.000000 3.76017e-20
22490.000000 3.75866e-20
22500.000000 3.75725e-20
22510.000000 3.75592e-20
22520.000000 3.75468e-20
22530.000000 3.75352e-20
22540.000000 3.75243e-20
22550.000000 3.75141e-20
22560.000000 3.75044e-20
22570.000000 3.74952e-20
22580.000000 3.74865e-20
22590.000000 3.74781e-20
22600.000000 3.747e-20
22610.000000 3.7462e-20
22620.000000 3.7454e-20
22630.000000 3.74461e-20
22640.000000 3.7438e-20
22650.000000 3.74296e-20
22660.000000 3.74209e-20
22670.000000 3.74117e-20
22680.000000 3.74018e-20
22690.000000 3.73913e-20
22700.000000 3.73798e-20
22710.000000 3.73674e-20
22720.000000 3.73538e-20
22730.000000 3.7339e-20
22740.000000 3.73228e-20
22750.000000 3.73051e-20
22760.000000 3.72857e-20
22770.000000 3.72645e-20
22780.000000 3.72414e-20
22790.000000 3.72162e-20
22800.000000 3.71889e-20
22810.000000 3.71594e-20
22820.000000 3.71274e-20
22830.000000 3.7093e-20
22840.000000 3.7056e-20
22850.000000 3.70164e-20
22860.000000 3.6974e-20
22870.000000 3.69288e-20
22880.000000 3.68808e-20
22890.000000 3.68299e-20
22900.000000 3.67761e-20
22910.000000 3.67193e-20
22920.000000 3.66595e-20
22930.000000 3.65968e-20
22940.000000 3.65311e-20
22950.000000 3.64624e-20
22960.000000 3.63909e-20
22970.000000 3.63164e-20
22980.000000 3.62392e-20
22990.000000 3.61591e-20
23000.000000 3.60764e-20
23010.000000 3.5991e-20
23020.000000 3.59031e-20
23030.000000 3.58127e-20
23040.000000 3.572e-20
23050.000000 3.5625e-20
23060.000000 3.55278e-20
23070.000000 3.54286e-20
23080.000000 3.53274e-20
23090.000000 3.52245e-20
23100.000000 3.51198e-20
23110.000000 3.50135e-20
23120.000000 3.49058e-20
23130.000000 3.47967e-20
23140.000000 3.46863e-20
23150.000000 3.45749e-20
23160.000000 3.44624e-20
23170.000000 3.43491e-20
23180.000000 3.42349e-20
23190.000000 3.41201e-20
23200.000000 3.40047e-20
23210.000000 3.38888e-20
23220.000000 3.37725e-20
23230.000000 3.3656e-20
23240.000000 3.35392e-20
23250.000000 3.34222e-20
23260.000000 3.33052e-20
23270.000000 3.31883e-20
23280.000000 3.30713e-20
23290.000000 3.29545e-20
23300.000000 3.28379e-20
23310.000000 3.27215e-20
23320.000000 3.26054e-20
23330.000000 3.24895e-20
23340.000000 3.23739e-20
23350.000000 3.22587e-20
23360.000000 3.21438e-20
23370.000000 3.20293e-20
23380.000000 3.19151e-20
23390.000000 3.18013e-20
23400.000000 3.16879e-20
23410.000000 3.15747e-20
23420.000000 3.14619e-20
23430.000000 3.13494e-20
23440.000000 3.12371e-20
23450.000000 3.11251e-20
23460.000000 3.10133e-20
23470.000000 3.09017e-20
23480.000000 3.07903e-20
23490.000000 3.0679e-20
23500.000000 3.05678e-20
23510.000000 3.04567e-20
23520.000000 3.03457e-20
23530.000000 3.02347e-20
23540.000000 3.01238e-20
23550.000000 3.00129e-20
23560.000000 2.9902e-20
23570.000000 2.97912e-20
23580.000000 2.96804e-20
23590.000000 2.95697e-20
23600.000000 2.94591e-20
23610.000000 2.93487e-20
23620.000000 2.92385e-20
23630.000000 2.91285e-20
23640.000000 2.90188e-20
23650.000000 2.89095e-20
23660.000000 2.88008e-20
23670.000000 2.86925e-20
23680.000000 2.8585e-20
23690.000000 2.84782e-20
23700.000000 2.83724e-20
23710.000000 2.82675e-20
23720.000000 2.81638e-20
23730.000000 2.80614e-20
23740.000000 2.79604e-20
23750.000000 2.7861e-20
23760.000000 2.77633e-20
23770.000000 2.76674e-20
23780.000000 2.75736e-20
23790.000000 2.74818e-20
23800.000000 2.73924e-20
23810.000000 2.73054e-20
23820.000000 2.7221e-20
23830.000000 2.71393e-20
23840.000000 2.70605e-20
23850.000000 2.69846e-20
23860.000000 2.69119e-20
23870.000000 2.68423e-20
23880.000000 2.67761e-20
23890.000000 2.67133e-20
23900.000000 2.6654e-20
23910.000000 2.65983e-20
23920.000000 2.65463e-20
23930.000000 2.64981e-20
23940.000000 2.64536e-20
23950.000000 2.64129e-20
23960.000000 2.63762e-20
23970.000000 2.63433e-20
23980.000000 2.63143e-20
23990.000000 2.62893e-20
24000.000000 2.62682e-20
24010.000000 2.6251e-20
24020.000000 2.62377e-20
24030.000000 2.62283e-20
24040.000000 2.62227e-20
24050.000000 2.62209e-20
24060.000000 2.62228e-20
24070.000000 2.62285e-20
24080.000000 2.62378e-20
24090.000000 2.62506e-20
24100.000000 2.62671e-20
24110.000000 2.62869e-20
24120.000000 2.63102e-20
24130.000000 2.63368e-20
24140.000000 2.63666e-20
24150.000000 2.63997e-20
24160.000000 2.64359e-20
24170.000000 2.64753e-20
24180.000000 2.65176e-20
24190.000000 2.65629e-20
24200.000000 2.66112e-20
24210.000000 2.66624e-20
24220.000000 2.67164e-20
24230.000000 2.67732e-20
24240.000000 2.68329e-20
24250.000000 2.68952e-20
24260.000000 2.69604e-20
24270.000000 2.70282e-20
24280.000000 2.70988e-20
24290.000000 2.7172e-20
24300.000000 2.72479e-20
24310.000000 2.73265e-20
24320.000000 2.74077e-20
24330.000000 2.74916e-20
24340.000000 2.75781e-20
24350.000000 2.76671e-20
24360.000000 2.77588e-20
24370.000000 2.78529e-20
24380.000000 2.79496e-20
24390.000000 2.80487e-20
24400.000000 2.81503e-20
24410.000000 2.82541e-20
24420.000000 2.83602e-20
24430.000000 2.84684e-20
24440.000000 2.85787e-20
24450.000000 2.8691e-20
24460.000000 2.8805e-20
24470.000000 2.89208e-20
24480.000000 2.9038e-20
24490.000000 2.91566e-20
24500.000000 2.92763e-20
24510.000000 2.93971e-20
24520.000000 2.95186e-20
24530.000000 2.96406e-20
24540.000000 2.97629e-20
24550.000000 2.98854e-20
24560.000000 3.00076e-20
24570.000000 3.01294e-20
24580.000000 3.02506e-20
24590.000000 3.03707e-20
24600.000000 3.04897e-20
24610.000000 3.06072e-20
24620.000000 3.07229e-20
24630.000000 3.08366e-20
24640.000000 3.09481e-20
24650.000000 3.1057e-20
24660.000000 3.11632e-20
24670.000000 3.12664e-20
24680.000000 3.13663e-20
24690.000000 3.14628e-20
24700.000000 3.15557e-20
24710.000000 3.16448e-20
24720.000000 3.17299e-20
24730.000000 3.18109e-20
24740.000000 3.18877e-20
24750.000000 3.19602e-20
24760.000000 3.20283e-20
24770.000000 3.20919e-20
24780.000000 3.21511e-20
24790.000000 3.22057e-20
24800.000000 3.22559e-20
24810.000000 3.23016e-20
24820.000000 3.23429e-20
24830.000000 3.23798e-20
24840.000000 3.24126e-20
24850.000000 3.24412e-20
24860.000000 3.24659e-20
24870.000000 3.24867e-20
24880.000000 3.25039e-20
24890.000000 3.25176e-20
24900.000000 3.2528e-20
24910.000000 3.25354e-20
24920.000000 3.254e-20
24930.000000 3.25419e-20
24940.000000 3.25414e-20
24950.000000 3.25387e-20
24960.000000 3.25342e-20
24970.000000 3.25279e-20
24980.000000 3.25202e-20
24990.000000 3.25113e-20
25000.000000 3.25014e-20
