1 4000.000000
2 4005.266622
3 4010.548854
4 4015.846793
5 4021.160538
6 4026.490190
7 4031.835849
8 4037.197618
9 4042.575599
10 4047.969898
11 4053.380618
12 4058.807867
13 4064.251752
14 4069.712382
15 4075.189866
16 4080.684317
17 4086.195845
18 4091.724565
19 4097.270592
20 4102.834041
21 4108.415029
22 4114.013676
23 4119.630101
24 4125.264425
25 4130.916771
26 4136.587264
27 4142.276027
28 4147.983189
29 4153.708877
30 4159.453221
31 4165.216353
32 4170.998405
33 4176.799512
34 4182.619809
35 4188.459433
36 4194.318525
37 4200.197224
38 4206.095673
39 4212.014017
40 4217.952401
41 4223.910972
42 4229.889881
43 4235.889277
44 4241.909316
45 4247.950151
46 4254.011939
47 4260.094839
48 4266.199013
49 4272.324622
50 4278.471833
51 4284.640811
52 4290.831726
53 4297.044750
54 4303.280056
55 4309.537819
56 4315.818218
57 4322.121433
58 4328.447648
59 4334.797046
60 4341.169816
61 4347.566148
62 4353.986235
63 4360.430272
64 4366.898457
65 4373.390991
66 4379.908077
67 4386.449921
68 4393.016733
69 4399.608725
70 4406.226111
71 4412.869110
72 4419.537943
73 4426.232835
74 4432.954012
75 4439.701706
76 4446.476150
77 4453.277583
78 4460.106246
79 4466.962383
80 4473.846242
81 4480.758076
82 4487.698141
83 4494.666695
84 4501.664004
85 4508.690334
86 4515.745957
87 4522.831150
88 4529.946192
89 4537.091369
90 4544.266970
91 4551.473289
92 4558.710623
93 4565.979278
94 4573.279560
95 4580.611784
96 4587.976268
97 4595.373335
98 4602.803316
99 4610.266543
100 4617.763359
101 4625.294108
102 4632.859143
103 4640.458823
104 4648.093511
105 4655.763577
106 4663.469400
107 4671.211363
108 4678.989857
109 4686.805280
110 4694.658036
111 4702.548537
112 4710.477204
113 4718.444465
114 4726.450754
115 4734.496516
116 4742.582203
117 4750.708275
118 4758.875202
119 4767.083463
120 4775.333546
121 4783.625949
122 4791.961178
123 4800.339752
124 4808.762199
125 4817.229057
126 4825.740876
127 4834.298217
128 4842.901653
129 4851.551769
130 4860.249161
131 4868.994440
132 4877.788228
133 4886.631161
134 4895.523891
135 4904.467082
136 4913.461413
137 4922.507578
138 4931.606290
139 4940.758273
140 4949.964272
141 4959.225047
142 4968.541378
143 4977.914061
144 4987.343912
145 4996.831767
146 5006.378484
147 5015.984938
148 5025.652031
149 5035.380682
150 5045.171839
151 5055.026471
152 5064.945572
153 5074.930163
154 5084.981292
155 5095.100035
156 5105.287498
157 5115.544814
158 5125.873152
159 5136.273709
160 5146.747720
161 5157.296452
162 5167.921210
163 5178.623338
164 5189.404219
165 5200.265276
166 5211.207977
167 5222.233836
168 5233.344410
169 5244.541310
170 5255.826193
171 5267.200775
172 5278.666823
173 5290.226166
174 5301.880692
175 5313.632355
176 5325.483176
177 5337.435246
178 5349.490729
179 5361.651870
180 5373.920993
181 5386.300508
182 5398.792917
183 5411.400818
184 5424.126906
185 5436.973986
186 5449.944973
187 5463.042900
188 5476.270926
189 5489.632342
190 5503.130579
191 5516.769217
192 5530.551995
193 5544.482820
194 5558.565775
195 5572.805137
196 5587.205384
197 5601.771210
198 5616.507541
199 5631.419553
200 5646.512686
201 5661.792664
202 5677.265520
203 5692.937615
204 5708.815667
205 5724.906776
206 5741.218461
207 5757.758688
208 5774.535913
209 5791.559124
210 5808.837890
211 5826.382411
212 5844.203582
213 5862.313060
214 5880.723337
215 5899.447832
216 5918.500985
217 5937.696220
218 5957.029727
219 5976.503611
220 5996.120028
221 6015.881189
222 6035.789363
223 6055.846877
224 6076.056117
225 6096.419536
226 6116.939649
227 6137.619040
228 6158.460364
229 6179.466348
230 6200.639797
231 6221.983593
232 6243.500702
233 6265.194174
234 6287.067148
235 6309.122858
236 6331.364632
237 6353.795900
238 6376.420195
239 6399.241163
240 6422.262560
241 6445.488264
242 6468.922278
243 6492.568734
244 6516.431899
245 6540.516187
246 6564.826157
247 6589.366528
248 6614.142180
249 6639.158168
250 6664.419727
251 6689.932283
252 6715.701459
253 6741.733092
254 6768.033238
255 6794.608188
256 6821.464479
257 6848.608906
258 6876.048541
259 6903.790745
260 6931.843187
261 6960.213859
262 6988.911102
263 7017.943619
264 7047.320504
265 7077.051267
266 7107.145853
267 7137.614682
268 7168.468673
269 7199.719278
270 7231.378527
271 7263.459058
272 7295.974171
273 7328.937872
274 7362.364928
275 7396.270925
276 7430.672335
277 7465.586585
278 7501.032139
279 7537.028584
280 7573.596730
281 7610.758717
282 7648.538139
283 7686.960178
284 7726.051761
285 7765.841729
286 7806.361039
287 7847.584593
288 7889.216638
289 7931.265056
290 7973.737979
291 8016.643799
292 8059.991178
293 8103.789063
294 8148.046695
295 8192.773628
296 8237.979742
297 8283.675256
298 8329.870748
299 8376.577172
300 8423.805874
301 8471.568617
302 8519.877598
303 8568.745474
304 8618.185385
305 8668.210978
306 8718.836439
307 8770.076522
308 8821.946579
309 8874.462595
310 8927.641228
311 8981.499844
312 9036.056566
313 9091.330315
314 9147.340864
315 9204.108888
316 9261.656029
317 9320.004955
318 9379.179431
319 9439.204393
320 9500.106034
321 9561.911890
322 9624.650939
323 9688.353712
324 9753.052405
325 9818.363160
326 9884.202195
327 9950.575264
328 10017.488210
329 10084.946967
330 10152.957563
331 10221.526119
332 10290.658852
333 10360.362082
334 10430.642225
335 10501.505805
336 10572.959448
337 10645.009890
338 10717.663978
339 10790.928669
340 10864.811038
341 10939.318278
342 11014.457702
343 11090.236746
344 11166.662974
345 11243.744078
346 11321.487884
347 11399.902354
348 11478.995585
349 11558.775822
350 11639.251452
351 11720.290891
352 11801.749432
353 11883.627741
354 11965.926474
355 12048.646275
356 12131.787778
357 12215.351602
358 12299.338356
359 12383.748638
360 12468.583033
361 12553.842113
362 12639.526440
363 12725.636564
364 12812.173021
365 12899.136337
366 12986.527025
367 13074.345586
368 13162.592510
369 13251.268274
370 13340.373342
371 13429.908169
372 13519.873193
373 13610.180428
374 13700.517274
375 13790.883370
376 13881.278360
377 13971.701895
378 14062.153633
379 14152.633236
380 14243.140374
381 14333.674721
382 14424.235958
383 14514.823771
384 14605.437851
385 14696.077894
386 14786.743604
387 14877.434685
388 14968.150850
389 15058.891816
390 15149.657303
391 15240.447037
392 15331.260749
393 15422.098173
394 15512.896830
395 15603.465601
396 15693.808870
397 15783.930887
398 15873.835777
399 15963.527543
400 16053.010067
401 16142.287124
402 16231.362378
403 16320.239390
404 16408.921620
405 16497.412435
406 16585.715107
407 16673.832820
408 16761.768674
409 16849.525686
410 16937.106791
411 17024.514852
412 17111.752655
413 17198.822916
414 17285.728282
415 17372.471335
416 17458.890308
417 17544.960213
418 17630.688630
419 17716.082870
420 17801.149996
421 17885.896827
422 17970.329954
423 18054.455750
424 18138.280379
425 18221.809805
426 18305.049802
427 18388.005961
428 18470.683702
429 18553.088275
430 18635.224771
431 18717.098131
432 18798.713144
433 18880.074464
434 18961.186606
435 19042.053957
436 19122.680781
437 19203.071220
438 19283.229301
439 19363.158944
440 19442.863958
441 19522.348053
442 19601.614838
443 19680.667829
444 19759.510450
445 19838.146035
446 19916.577836
