#ObserverLambda    ApertureRadiusPixels    EncircledEnergy    f_lambda             OptimalS/N         ApertureS/N        AperturePhotons    ApertureNoise    Thermal_f_lambda_per_arcsec2    _z=0.50_exp=468.0_ph=0.0_gal=0_PSF=WebbPSF_pxsl=0.075_mdl=hsiao_type=Ia_waifs_R_zodi=waifs_zodi_medium_offi=0j=0_RN=4.0    
4000.0             4.0                     0.916073337337     3.32468588199e-19    0.0937560007192    0.0250510194855    0.648062937374     25.8697230965    5.50964234883e-59               
4005.26666418      4.0                     0.915980136944     3.4608881476e-19     0.0991200190949    0.0265030340042    0.685699007772     25.8724720975    6.47301825419e-59               
4010.57149906      4.0                     0.915886223093     3.65109163151e-19    0.106181471312     0.0284160102699    0.735277674757     25.8754718827    7.61040677328e-59               
4015.91480579      4.0                     0.915791657039     3.87815390748e-19    0.114511079337     0.0306758159245    0.793849956717     25.8786908446    8.95420757962e-59               
4021.29688552      4.0                     0.91569639809      4.07669224063e-19    0.122224149202     0.0327728525042    0.848222004995     25.8818485479    1.0543026205e-58                
4026.71803917      4.0                     0.915600432965     4.24009409684e-19    0.12908676814      0.0346427292278    0.896723816545     25.8849067765    1.24228945011e-58               
4032.17846828      4.0                     0.915503779999     4.37555268414e-19    0.135280746229     0.0363338740916    0.940607642435     25.8878984406    1.46486934382e-58               
4037.67857352      4.0                     0.915406436193     4.49610667825e-19    0.141170255738     0.0379447678685    0.982423142215     25.8908723759    1.72860328595e-58               
4043.21855674      4.0                     0.915308363996     4.60185803577e-19    0.146745970902     0.0394725452886    1.02209548654      25.8938327657    2.04132075158e-58               
4048.79881783      4.0                     0.91520961545      4.70838909264e-19    0.15247906412      0.04104559464      1.06294986104      25.8968074495    2.41239434863e-58               
4054.41945981      4.0                     0.915110094051     4.82562205079e-19    0.15870476232      0.0427557945187    1.10737204747      25.8999291192    2.85301629597e-58               
4060.08098182      4.0                     0.915009899515     4.95374463886e-19    0.165436702421     0.0446074545703    1.15547377624      25.9031542457    3.37661822235e-58               
4065.78348744      4.0                     0.91490893841      5.0926950433e-19     0.172702700678     0.0466088357161    1.20747004238      25.9064622367    3.99925523113e-58               
4071.52747527      4.0                     0.914807275321     5.24264441999e-19    0.180516091381     0.0487643180856    1.26347946197      25.9099175703    4.74021988689e-58               
4077.31304947      4.0                     0.914704916317     5.40370004309e-19    0.188911918417     0.0510843318602    1.32377198872      25.9134638845    5.62260649231e-58               
4083.1407081       4.0                     0.914601735005     5.57588329034e-19    0.197899132113     0.0535722329307    1.38844052231      25.9171672779    6.67420233341e-58               
4089.01055588      4.0                     0.914497813519     5.75825033504e-19    0.207477151629     0.0562288139281    1.45750500975      25.920963078     7.92831851381e-58               
4094.92309034      4.0                     0.914393151979     5.92652594488e-19    0.216784221108     0.0588163556405    1.52479918196      25.9247477229    9.42508737103e-58               
4100.8784168       4.0                     0.914287761836     6.07051377519e-19    0.225446599315     0.061230706326     1.58761885096      25.9284752082    1.12126884441e-57               
4106.87703344      4.0                     0.914181591019     6.18721650694e-19    0.233309156041     0.0634277471006    1.64481552244      25.9321132726    1.33492430162e-57               
4112.91914386      4.0                     0.914074635314     6.26953041507e-19    0.240074218586     0.0653234726801    1.69420483968      25.9356211507    1.59046713914e-57               
4119.00514693      4.0                     0.913966913552     6.31723884273e-19    0.245672000283     0.0668970737188    1.73524198159      25.9389818587    1.89633482404e-57               
4125.13524656      4.0                     0.913858423973     6.34977501718e-19    0.250802524722     0.0683426747513    1.77296684201      25.9423098154    2.26269588221e-57               
4131.30984284      4.0                     0.913749123132     6.37522160062e-19    0.255752737596     0.0697400055756    1.80944946108      25.9456454893    2.70183735479e-57               
4137.5292387       4.0                     0.913639064805     6.4028990647e-19     0.260885788731     0.0711904844495    1.84732536693      25.9490489665    3.22859674389e-57               
4143.79383246      4.0                     0.913528149389     6.45201049352e-19    0.266973014998     0.0729103782304    1.89221631402      25.9526333554    3.86092059828e-57               
4150.10382865      4.0                     0.9134164955       6.5229969887e-19     0.274080896252     0.0749194560696    1.94463738064      25.956373453     4.62049841283e-57               
4156.45962713      4.0                     0.913303998468     6.61134671813e-19    0.282058300105     0.0771765907417    2.00352975741      25.9603299156    5.5336090301e-57                
4162.86153114      4.0                     0.913190659642     6.71619334309e-19    0.290908609092     0.0796840173639    2.06894933022      25.964420453     6.63207405532e-57               
4169.30994042      4.0                     0.913076493351     6.81430376573e-19    0.299668614214     0.0821713698851    2.13387393183      25.9685816948    7.95448757214e-57               
4175.80515432      4.0                     0.912961560242     6.88639351867e-19    0.307490735305     0.0843989643219    2.19205949574      25.9725876183    9.54764818747e-57               
4182.34738239      4.0                     0.912845742455     6.93732342338e-19    0.314559465113     0.0864176805821    2.24483099644      25.976524495     1.1468331774e-56                
4188.93721822      4.0                     0.912729115199     6.98047139054e-19    0.32141590066      0.0883799203652    2.29615153531      25.980466217     1.37856304931e-56               
4195.57486517      4.0                     0.912611625659     7.02493999911e-19    0.328462434674     0.0903996616235    2.34899231491      25.984525525     1.65834035593e-56               
4202.26062704      4.0                     0.912493287496     7.13141772702e-19    0.338493896355     0.093272205529     2.42405603933      25.9890502812    1.9963682008e-56                
4208.99490557      4.0                     0.912374095616     7.31252209012e-19    0.352219922724     0.0972054322915    2.5267778328       25.9942039579    2.40507141249e-56               
4215.77810003      4.0                     0.912254005031     7.55524743003e-19    0.369165834865     0.102072355871     2.65387231261      25.9999124146    2.8995860416e-56                
4222.61051189      4.0                     0.912133079421     7.85426836638e-19    0.389194319031     0.107843007384     2.80457727895      26.0061115409    3.49835459294e-56               
4229.49244793      4.0                     0.912011283438     8.17891180118e-19    0.410938045582     0.114133246062     2.9689133883       26.0126956056    4.22387045684e-56               
4236.42440481      4.0                     0.911888598883     8.49958884181e-19    0.432995123348     0.120543005849     3.13645505072      26.0193864308    5.10361172574e-56               
4243.40668402      4.0                     0.911764988639     8.8015986667e-19     0.454639572434     0.126862143772     3.30171646071      26.0260181843    6.17111870918e-56               
4250.43958996      4.0                     0.911640524114     9.05859106658e-19    0.474533142106     0.132697901395     3.45445529604      26.0324787334    7.46738202771e-56               
4257.52352448      4.0                     0.91151508543      9.27186233829e-19    0.492669790736     0.138042560849     3.5944436337       26.0386623632    9.04255362712e-56               
4264.65888942      4.0                     0.911388808031     9.44838202886e-19    0.509325842956     0.1429719373       3.72366321469      26.0447139838    1.09580195502e-55               
4271.84608036      4.0                     0.911261627681     9.6078542101e-19     0.525448225627     0.147761395389     3.84928398598      26.050674304     1.32889655714e-55               
4279.08531144      4.0                     0.911133440549     9.83175863896e-19    0.545315814533     0.153677625855     4.00442600201      26.0573130262    1.61274655456e-55               
4286.37717526      4.0                     0.911004381172     1.01338240317e-18    0.56976702583      0.160983446281     4.19600468027      26.0648208074    1.95865962626e-55               
4293.7219768       4.0                     0.910874386882     1.05348943422e-18    0.600074407374     0.170079713891     4.43454127128      26.0733109777    2.38050109008e-55               
4301.12011449      4.0                     0.910743473838     1.10311146788e-18    0.636189346703     0.180982461935     4.72053801694      26.0828478432    2.89530325108e-55               
4308.57189349      4.0                     0.910620601971     1.1568651418e-18     0.675293993161     0.192882106266     5.03287026937      26.0929868861    3.52398917194e-55               
4316.07771937      4.0                     0.910498163955     1.21293210298e-18    0.716480783133     0.205513276591     5.36463306119      26.1035839153    4.29229522639e-55               
4323.63808698      4.0                     0.910374744654     1.26521177236e-18    0.756385317203     0.217851159213     5.6889669374       26.1140081052    5.23190385339e-55               
4331.25330174      4.0                     0.910250520636     1.31266216928e-18    0.794384555706     0.229693483949     6.00057452738      26.124269719     6.38180451532e-55               
4338.92376956      4.0                     0.910125319467     1.35631119206e-18    0.83100335627      0.241192212771     6.30341231065      26.1343939683    7.79005153663e-55               
4346.64998078      4.0                     0.909999232213     1.39622476144e-18    0.866204691332     0.252327152171     6.59691770737      26.1443037367    9.51591748667e-55               
4354.43215303      4.0                     0.909872242637     1.43208534026e-18    0.899783197176     0.26302451708      6.87916700848      26.1540904432    1.16324661952e-54               
4362.2708807       4.0                     0.909744334636     1.46313410307e-18    0.931223252352     0.273110509172     7.14553522546      26.1635308254    1.42300096128e-54               
4370.16656156      4.0                     0.909615489536     1.48671007181e-18    0.95886583719      0.28204113288      7.38170517156      26.1724419278    1.74200761939e-54               
4378.11950165      4.0                     0.909485676028     1.50365762925e-18    0.983092791736     0.289920660596     7.59034296566      26.1807590741    2.13404956291e-54               
4386.13010746      4.0                     0.909354958885     1.51748896916e-18    1.00589624754      0.297378455225     7.78801444069      26.1888993767    2.61618077574e-54               
4394.19888141      4.0                     0.909223295515     1.52975020986e-18    1.02815614477      0.304694489668     7.98208740631      26.197019234     3.20951934932e-54               
4402.32631211      4.0                     0.909090638557     1.543014971e-18      1.05139930382      0.312364825438     8.18564038849      26.2053846076    3.94022687472e-54               
4410.51261974      4.0                     0.908957045516     1.55395507342e-18    1.07361877217      0.319735964676     8.38144564525      26.2136467936    4.84070294822e-54               
4418.75839757      4.0                     0.908822489347     1.55870539506e-18    1.09230435064      0.325978115275     8.54758251641      26.2213385374    5.95117374782e-54               
4427.0640477       4.0                     0.908686964055     1.55273584587e-18    1.10441302958      0.330075423335     8.65718260094      26.2278921389    7.32154422181e-54               
4435.42997726      4.0                     0.908550429297     1.53348476041e-18    1.10800930973      0.331373516175     8.69288291459      26.2328837106    9.01379102069e-54               
4443.85667862      4.0                     0.908412904361     1.50307296524e-18    1.1040673966       0.330185660259     8.66295556911      26.2366196107    1.11049536755e-53               
4452.34446908      4.0                     0.908274393438     1.46372999204e-18    1.09373907713      0.326894083394     8.57745531153      26.2392491858    1.36907830149e-53               
4460.89393578      4.0                     0.908134909138     1.42341781866e-18    1.08211608481      0.323181646621     8.48081212232      26.2416266858    1.68905087109e-53               
4469.50539123      4.0                     0.907994348497     1.38595002988e-18    1.07182355232      0.319912098595     8.3958745405       26.2443170402    2.08524804176e-53               
4478.17934349      4.0                     0.907852833176     1.35699338619e-18    1.06697843587      0.31843384834      8.35829629029      26.2481401832    2.57616062549e-53               
4486.91637334      4.0                     0.907710213824     1.33971330414e-18    1.07012635469      0.319580169245     8.39006555292      26.2533985533    3.18484830406e-53               
4495.71671047      4.0                     0.907566599349     1.33673515679e-18    1.08361696464      0.324131395734     8.5118915074       26.2606202899    3.94005040007e-53               
4504.58103532      4.0                     0.90742197152      1.35117411491e-18    1.110137861        0.333004226314     8.74812110896      26.2703005478    4.87768012781e-53               
4513.50966143      4.0                     0.907276257745     1.3818046281e-18     1.1492263886       0.346108361939     9.09655813703      26.282399206     6.04255707568e-53               
4522.50309146      4.0                     0.907129488674     1.42132360205e-18    1.19571773784      0.361796512443     9.51380191555      26.2960022785    7.49071769103e-53               
4531.56182208      4.0                     0.906981668166     1.46308809601e-18    1.24473192844      0.378476003561     9.95778858842      26.3102244125    9.29224204752e-53               
4540.68626783      4.0                     0.906832747243     1.50061826918e-18    1.29138787546      0.394500347236     10.3848868356      26.324151318     1.15348061547e-52               
4549.87701937      4.0                     0.906682808854     1.53105910831e-18    1.33340508481      0.409064604976     10.7736391513      26.3372558278    1.43282393867e-52               
4559.13447902      4.0                     0.906531743396     1.55463168752e-18    1.37081569444      0.422144345361     11.1233682878      26.3496797008    1.78100911783e-52               
4568.45906843      4.0                     0.90637955928      1.57448900712e-18    1.40598836033      0.434534613594     11.4550797769      26.361719915     2.21527903335e-52               
4577.85146503      4.0                     0.906226272458     1.5921159595e-18     1.43996922429      0.4465879455       11.7781842458      26.3737173484    2.75727727685e-52               
4587.31198406      4.0                     0.906071898964     1.60892227214e-18    1.4738677679       0.458689091627     12.1028454422      26.3857276381    3.43414914949e-52               
4596.84114177      4.0                     0.905916390853     1.62791689687e-18    1.51011846255      0.471702524369     12.452157205       26.3983264063    4.27999786188e-52               
4606.43960762      4.0                     0.905764467185     1.65458691361e-18    1.55315602662      0.487244289082     12.8692892937      26.4123963729    5.33769905084e-52               
4616.10761789      4.0                     0.905625333423     1.69511943819e-18    1.60821629979      0.507287655105     13.4071360719      26.4290603901    6.661113058e-52                 
4625.84586216      4.0                     0.905485262156     1.74490419226e-18    1.67177622895      0.530632906001     14.0339906259      26.4476448165    8.31806364738e-52               
4635.6548433       4.0                     0.905344120632     1.79782387479e-18    1.73888860614      0.555552334219     14.7039082847      26.46718838      1.03939107058e-51               
4645.53505693      4.0                     0.90520196323      1.84432882796e-18    1.80164660343      0.579136737242     15.3390533253      26.4860651015    1.2996173413e-51                
4655.48692023      4.0                     0.9050587547       1.87940304185e-18    1.85580766952      0.599736588434     15.8950308556      26.5033535757    1.62603328493e-51               
4665.51103654      4.0                     0.904914574762     1.9015578551e-18     1.89993461727      0.616719246423     16.354542497       26.518618629     2.03573007069e-51               
4675.60799407      4.0                     0.904769265733     1.91199064785e-18    1.93474242938      0.630272949884     16.7224847959      26.5321315138    2.55027473374e-51               
4685.77821068      4.0                     0.904622954995     1.92192428938e-18    1.9696333653       0.643945100652     17.0939767299      26.5457050804    3.19688665281e-51               
4696.02228976      4.0                     0.904475555503     1.93229296128e-18    2.00540142236      0.658042555742     17.4774073826      26.5596916645    4.00996163438e-51               
4706.34081107      4.0                     0.904327083103     1.93701504553e-18    2.0366908421       0.670490659092     17.8167672416      26.5727299852    5.03297557296e-51               
4716.73411668      4.0                     0.904177549298     1.92939569769e-18    2.05745970288      0.678904240655     18.0477216444      26.5836042311    6.32088145552e-51               
4727.20297853      4.0                     0.904026923684     1.91001129818e-18    2.06775523837      0.683257099505     18.169366107       26.5922829345    7.94326983571e-51               
4737.7478156       4.0                     0.903875218715     1.88272913204e-18    2.07069002124      0.684741580812     18.2137439626      26.5994419982    9.98819568439e-51               
4748.36922308      4.0                     0.903722393524     1.85144083205e-18    2.06953071421      0.684627844271     18.2150642397      26.6057893965    1.25672323575e-50               
4759.06771244      4.0                     0.903568467738     1.81392333893e-18    2.06198353118      0.68201791462      18.1490611409      26.6108275925    1.58217710507e-50               
4769.84388721      4.0                     0.903413408034     1.76455040748e-18    2.042281218        0.674667808659     17.955138793       26.6133029657    1.99311413045e-50               
4780.69834228      4.0                     0.903257231524     1.69260314015e-18    1.99909587348      0.658222429726     17.515802758       26.6107655512    2.51228836651e-50               
4791.63158953      4.0                     0.90309995544      1.59928344495e-18    1.93200521563      0.632691774216     16.8315899546      26.6031433322    3.16858125578e-50               
4802.64423253      4.0                     0.90294148064      1.50144863022e-18    1.85671521766      0.604300317017     16.0708346352      26.5941191533    3.99868171118e-50               
4813.73685691      4.0                     0.902781887761     1.42336522719e-18    1.79876494978      0.58273500418      15.4942761071      26.5888885959    5.04921430428e-50               
4824.90991089      4.0                     0.902621135626     1.37464388767e-18    1.7702787486       0.572357093345     15.2189888074      26.590023928     6.37944351996e-50               
4836.16424417      4.0                     0.902459196819     1.34654044373e-18    1.76337185861      0.570079071301     15.1617461376      26.5958652069    8.06481566652e-50               
4847.50019636      4.0                     0.90229608217      1.32975404146e-18    1.76871941599      0.572390194258     15.2280134079      26.6042527644    1.02012805585e-49               
4858.91847161      4.0                     0.902131813427     1.31640551827e-18    1.77781427824      0.576113179099     15.3324035096      26.6135267616    1.29110843507e-49               
4870.41974538      4.0                     0.90196635139      1.30387013154e-18    1.78772335363      0.580152748166     15.4454441489      26.6230646975    1.63499855182e-49               
4882.0044495       4.0                     0.901799656782     1.29345279131e-18    1.80006330208      0.585120239962     15.5836371563      26.633221844     2.07164468017e-49               
4893.67327837      4.0                     0.901631748516     1.28749565427e-18    1.81773918707      0.592121055983     15.7768280577      26.6445989351    2.62636635118e-49               
4905.42683575      4.0                     0.901462660492     1.28822791185e-18    1.84367295424      0.602285487069     16.0555655454      26.6577327366    3.33146693859e-49               
4917.26573544      4.0                     0.901312452891     1.29637458114e-18    1.87893895976      0.616116113132     16.4337430636      26.6731265639    4.22818449046e-49               
4929.19066142      4.0                     0.90116218157      1.31171259363e-18    1.92362330016      0.633667977286     16.9129718482      26.6905894798    5.36919491652e-49               
4941.20212729      4.0                     0.901010803959     1.33582811241e-18    1.97993633421      0.655879316299     17.5191119909      26.7108773756    6.82178911858e-49               
4953.30075767      4.0                     0.900858286936     1.37128449665e-18    2.05131997715      0.684231148637     18.2926369229      26.7345866369    8.67199976177e-49               
4965.48733635      4.0                     0.900704725303     1.41989668723e-18    2.1401969435       0.71989508389      19.2661931512      26.7625013454    1.10298940818e-48               
4977.76245658      4.0                     0.90055001818      1.47882001827e-18    2.24303905011      0.761735960115     20.4099560903      26.7940036429    1.40362826745e-48               
4990.12664327      4.0                     0.900394199854     1.53952149412e-18    2.34918998204      0.805631382204     21.6125978398      26.8269065943    1.7871396019e-48                
5002.58060082      4.0                     0.900237279966     1.59640474781e-18    2.45167307695      0.848729946425     22.7963316585      26.8593464323    2.27661116103e-48               
5015.12502266      4.0                     0.900079183524     1.65148902401e-18    2.55300022005      0.892029583411     23.9883765197      26.8919069118    2.90162636721e-48               
5027.76052386      4.0                     0.899919923549     1.70812602063e-18    2.65733901295      0.937306024595     25.2377561332      26.9258443571    3.70010356294e-48               
5040.48779765      4.0                     0.89975953882      1.76301976802e-18    2.76060317513      0.982830501399     26.497150587       26.9600409727    4.72067544227e-48               
5053.30745939      4.0                     0.899597989602     1.8067453047e-18     2.8510237665       1.02335496217      27.6218148426      26.9914309928    6.02573015051e-48               
5066.22022509      4.0                     0.899435241493     1.83957254142e-18    2.92886753135      1.05877511686      28.608316496       27.0202010232    7.69535506086e-48               
5079.2268533       4.0                     0.899271323522     1.87130422432e-18    3.00629517386      1.09442024869      29.6030746051      27.0490925588    9.83240021176e-48               
5092.32780581      4.0                     0.899106205715     1.90931119024e-18    3.0926802898       1.1345860955       30.7255063952      27.0808063989    1.25689298269e-47               
5105.52396446      4.0                     0.898939916321     1.95408769877e-18    3.18867388711      1.17972776845      31.9886918881      27.1153165533    1.60747512966e-47               
5118.81600984      4.0                     0.898772427267     2.00131358087e-18    3.28885129023      1.22745924719      33.3272727295      27.1514291051    2.05681417314e-47               
5132.20449409      4.0                     0.898603688623     2.04629474011e-18    3.38730637232      1.27503456975      34.6651361275      27.1876049089    2.63297796389e-47               
5145.6902861       4.0                     0.898433752603     2.08809485956e-18    3.48278127562      1.32181186903      35.9842978934      27.2234640469    3.37209490253e-47               
5159.2740024       4.0                     0.89826250438      2.13159166235e-18    3.58153517057      1.37080565983      37.3691706452      27.2607355953    4.32065597149e-47               
5172.9563477       4.0                     0.898090117224     2.18401123598e-18    3.69275306966      1.42664596179      38.9503128354      27.302017374     5.53852992102e-47               
5186.73803936      4.0                     0.897916424255     2.24820079589e-18    3.82013682037      1.49146724156      40.7893036622      27.348440868     7.10283736998e-47               
5200.61986986      4.0                     0.897741459139     2.32203053085e-18    3.96087071991      1.56420158341      42.8586575667      27.3997022004    9.11296978722e-47               
5214.60254394      4.0                     0.897570911033     2.4035703892e-18     4.11236517131      1.64386565617      45.1324503072      27.4550722183    1.16970429053e-46               
5228.68676641      4.0                     0.897405543214     2.49180645487e-18    4.27329447665      1.73005935206      47.6012331273      27.514219712     1.50202676121e-46               
5242.87324205      4.0                     0.897238994851     2.58215373065e-18    4.43780415013      1.81984393769      50.1833428693      27.5756298822    1.92957640419e-46               
5257.16270233      4.0                     0.89707117946      2.66722008884e-18    4.59672682017      1.90823916116      52.7370386067      27.6364932028    2.47985590188e-46               
5271.55601281      4.0                     0.89690219617      2.74167516907e-18    4.74353537747      1.99139588668      55.151119432       27.6947039013    3.18837547419e-46               
5286.05381858      4.0                     0.896731943289     2.8034525728e-18     4.8758625632       2.06763743276      57.3747917469      27.7489616109    4.100980226e-46                 
5300.65698446      4.0                     0.896560465384     2.85084574809e-18    4.99156377148      2.13536880555      59.3597644409      27.798366393     5.27690587024e-46               
5315.36615639      4.0                     0.896387732259     2.8822559467e-18     5.08855928487      2.19301263005      61.0585400109      27.8423111541    6.79267798127e-46               
5330.1822124       4.0                     0.89621376833      2.90013354694e-18    5.16966901417      2.24189978016      62.507243641       27.8813728402    8.74723793669e-46               
5345.10587159      4.0                     0.896038554553     2.90893167019e-18    5.24022099722      2.28495184263      63.7894609379      27.917201469     1.12684989616e-45               
5360.13792521      4.0                     0.895862000918     2.90967026282e-18    5.30124827683      2.32265164215      64.9179881714      27.9499460846    1.45219143993e-45               
5375.2791071       4.0                     0.895684254167     2.90287744229e-18    5.353171163        2.35513412192      65.8966143512      27.9799837036    1.87215297165e-45               
5390.53030884      4.0                     0.895505114616     2.88750235737e-18    5.39433999236      2.38132855218      66.6923452721      28.0063602358    2.41444055529e-45               
5405.89232135      4.0                     0.895324745769     2.86542703863e-18    5.42677467976      2.40236731252      67.338089932       28.0298893434    3.11491860166e-45               
5421.36586451      4.0                     0.895143038145     2.84763927688e-18    5.46489264997      2.42693588577      68.0892557645      28.0556466958    4.02002352836e-45               
5436.95175897      4.0                     0.894960035563     2.83527641429e-18    5.5104552421       2.45614368943      68.9793433998      28.0844087813    5.18990698715e-45               
5452.65089585      4.0                     0.894775723912     2.8052088076e-18     5.53200365595      2.47081908526      69.4415657082      28.1046743254    6.70250980173e-45               
5468.46408086      4.0                     0.894589998388     2.72846440947e-18    5.48803104264      2.44554430772      68.7241472753      28.1017796563    8.65883355754e-45               
5484.39213512      4.0                     0.894402966525     2.58995251617e-18    5.3523196166       2.36497686134      66.3783542504      28.0672320037    1.1189806474e-44                
5500.43593387      4.0                     0.894214609978     2.39678191176e-18    5.12634329157      2.23206865956      62.5038364179      28.0026495378    1.44652028237e-44               
5516.5962137       4.0                     0.894010689849     2.17641393196e-18    4.84188887635      2.06841095349      57.7512247937      27.920575791     1.87051737253e-44               
5532.87388097      4.0                     0.893789264066     1.95911819732e-18    4.54108300662      1.90022364866      52.895636111       27.8365318463    2.41953468568e-44               
5549.26981013      4.0                     0.89356621266      1.76394608431e-18    4.25586845104      1.74564449551      48.4600995927      27.7605776647    3.13063317478e-44               
5565.78477096      4.0                     0.893341581165     1.61068630908e-18    4.02690642908      1.62519685909      45.0255680329      27.7046856084    4.05190548533e-44               
5582.41978972      4.0                     0.893115291802     1.51717296418e-18    3.89774128466      1.55908195408      43.1551205896      27.6798281686    5.24579690835e-44               
5599.17555324      4.0                     0.892887356957     1.47249365874e-18    3.85783527978      1.53961962029      42.6193353371      27.6817304582    6.79335925206e-44               
5616.05310293      4.0                     0.892657764664     1.45543629427e-18    3.87098195099      1.54752020469      42.8653391159      27.6993728326    8.7998822648e-44                
5633.05321102      4.0                     0.8924265415       1.46012349978e-18    3.92772710214      1.57803656576      43.759054199       27.730063516     1.14020956809e-43               
5650.17690092      4.0                     0.892193601314     1.48807362389e-18    4.03222638625      1.63383375016      45.3802735209      27.7753311905    1.47776718482e-43               
5667.42486253      4.0                     0.891958971385     1.53738096684e-18    4.18103286394      1.71399951838      47.7086339285      27.8346833921    1.91574015176e-43               
5684.79816932      4.0                     0.89172264238      1.60784341616e-18    4.3732962014       1.81927970458      50.7733197759      27.9084736933    2.48413172233e-43               
5702.29771062      4.0                     0.89148457745      1.71293815464e-18    4.63440491223      1.96543175077      55.0442194192      28.0061718743    3.22193665756e-43               
5719.92432744      4.0                     0.891244806093     1.87268666076e-18    4.99943254101      2.1760823808       61.2376949671      28.1412576599    4.17984613606e-43               
5737.67900946      4.0                     0.891003256615     2.09451095275e-18    5.47384222478      2.46108642089      69.6985648996      28.3202427628    5.42377888969e-43               
5755.56268118      4.0                     0.890760016669     2.3734566053e-18     6.03756729359      2.8161033808       80.3741696319      28.5409158555    7.03945486492e-43               
5773.57631409      4.0                     0.890514942676     2.69109502635e-18    6.64932685083      3.22092556502      92.7382845034      28.7924333026    9.13836879628e-43               
5791.72075054      4.0                     0.890268126858     3.00977875318e-18    7.24411648747      3.6333815513       105.551472676      29.0504785104    1.18655342513e-42               
5809.99699793      4.0                     0.890019544975     3.28608405176e-18    7.75841408494      4.0045577516       117.277300804      29.2859556731    1.54096305711e-42               
5828.40604533      4.0                     0.889762259942     3.49284926348e-18    8.15944807664      4.3032627938       126.858552831      29.4796202114    2.00161544592e-42               
5846.94881813      4.0                     0.889502750767     3.62684207511e-18    8.44958573504      4.5245979998       134.05368218       29.6277552583    2.60045458435e-42               
5865.62630513      4.0                     0.889241353081     3.69166994172e-18    8.63739773794      4.67066110074      138.863092769      29.7309288287    3.37905437804e-42               
5884.43945097      4.0                     0.88897804323      3.6846897575e-18     8.71875564286      4.73561973699      141.053370044      29.7856200197    4.39152246404e-42               
5903.38932579      4.0                     0.88871285661      3.61194364678e-18    8.70421685175      4.72641964494      140.831018894      29.7965541517    5.70829625616e-42               
5922.49242679      4.0                     0.888445496342     3.48977908666e-18    8.62809404869      4.66934350054      139.069548348      29.7835334522    7.42264259553e-42               
5941.816523        4.0                     0.888175027182     3.33230742115e-18    8.4885102421       4.56392965052      135.73877992       29.7416459749    9.66408998832e-42               
5961.36521252      4.0                     0.88790142116      3.17467942133e-18    8.33857151708      4.45150985633      132.19244973       29.6960927858    1.25984195143e-41               
5981.14111855      4.0                     0.887624666391     3.07297704621e-18    8.27575842379      4.40567934963      130.809201684      29.6910399744    1.64444755788e-41               
6001.14686453      4.0                     0.887344667296     3.06706482286e-18    8.37163637405      4.48005781812      133.312095321      29.7567800983    2.14915994279e-41               
6021.38511385      4.0                     0.887061450129     3.15605047528e-18    8.60962568791      4.66428329529      139.379174639      29.8822275182    2.81227650266e-41               
6041.85863162      4.0                     0.88677488386      3.30282019002e-18    8.94481981299      4.92715123558      148.082856297      30.0544572749    3.6845460144e-41                
6062.57004224      4.0                     0.886485021748     3.46153690382e-18    9.29979547283      5.2106051488       157.569172389      30.2400907169    4.83327658045e-41               
6083.52229128      4.0                     0.886191814335     3.59395786961e-18    9.60952609524      5.46249610573      166.099291558      30.4072146402    6.34786307927e-41               
6104.71804435      4.0                     0.885895162982     3.66450438269e-18    9.81575520021      5.63317687257      171.955359133      30.5254677819    8.34711399772e-41               
6126.16014831      4.0                     0.885595037041     3.64768640211e-18    9.8757606846       5.68499794961      173.794827923      30.570781109     1.09891325784e-40               
6147.85150934      4.0                     0.885291479417     3.5533578024e-18     9.80214970296      5.62720749658      171.905032313      30.5489059036    1.44845218961e-40               
6169.79499616      4.0                     0.884939221991     3.42105820611e-18    9.6558286669       5.51131264797      168.048912063      30.4916310864    1.91140843902e-40               
6191.99359458      4.0                     0.884610841334     3.2835757334e-18     9.49370900695      5.38285849472      163.783786055      30.4269165194    2.52526324236e-40               
6214.45019591      4.0                     0.884278728461     3.15774463854e-18    9.34545217083      5.26652517442      159.942719153      30.3696866257    3.34008917637e-40               
6237.16790803      4.0                     0.883942719536     3.04548491632e-18    9.2160292327       5.16602580627      156.646419332      30.3224229236    4.42285811368e-40               
6260.14973822      4.0                     0.883602799483     2.929658333e-18      9.07317143078      5.05553330222      153.027840852      30.2693764839    5.86321654702e-40               
6283.39868083      4.0                     0.883258922208     2.79003525329e-18    8.87471058471      4.90222278308      148.001501226      30.1906926256    7.78127779938e-40               
6306.91794473      4.0                     0.88291104911      2.62651802457e-18    8.61530556265      4.70334240371      141.499362463      30.0848524979    1.03381510803e-39               
6330.71066044      4.0                     0.882559107229     2.45682197777e-18    8.32728490938      4.48549899904      134.421004129      29.9679041635    1.37501039679e-39               
6354.77998122      4.0                     0.882203111833     2.29263763864e-18    8.03388924208      4.26718523084      127.38045237       29.851165459     1.83077192809e-39               
6379.12913886      4.0                     0.881842985075     2.12786914185e-18    7.7203777204       4.03789386615      120.03976534       29.7283111739    2.44017946251e-39               
6403.76138828      4.0                     0.881478633171     1.96782980445e-18    7.39894682734      3.80733983269      112.717727008      29.6053759217    3.25583560903e-39               
6428.68003951      4.0                     0.881110087339     1.84749865654e-18    7.16041893155      3.64002865408      107.454846803      29.5203299244    4.34860779698e-39               
6453.88839489      4.0                     0.880737209241     1.80687704039e-18    7.12119475823      3.61499206085      106.71399096       29.5198410298    5.81404823954e-39               
6479.38991928      4.0                     0.880360035677     1.85686056667e-18    7.32099610112      3.75963692046      111.36051148       29.6200175274    7.78111251237e-39               
6505.1879167       4.0                     0.879978477302     1.96011690087e-18    7.66066669569      4.00819936965      119.373717237      29.7823801233    1.04239514922e-38               
6531.2858991       4.0                     0.879580737987     2.06784372324e-18    8.00987163556      4.26956233068      127.886354945      29.9530361756    1.39779784008e-38               
6557.68734977      4.0                     0.879169947722     2.15134369893e-18    8.29639311329      4.48894455184      135.115264425      30.0995619047    1.87616430771e-38               
6584.39583316      4.0                     0.878754401374     2.18973888411e-18    8.47018513498      4.62522153487      139.664850772      30.1963591838    2.52060740373e-38               
6611.41480644      4.0                     0.878333988393     2.18283039636e-18    8.53096589277      4.67546207795      141.392991799      30.2415011484    3.38953306995e-38               
6638.74805967      4.0                     0.877908663175     2.18099882244e-18    8.60520288992      4.73638089806      143.479631107      30.2930938611    4.56214046394e-38               
6666.39920605      4.0                     0.877478481645     2.245371031e-18      8.84949404317      4.93064811095      150.018564386      30.425729237     6.14588126109e-38               
6694.37183315      4.0                     0.877043209058     2.37365875404e-18    9.25403404059      5.25574065495      161.024182766      30.6377717885    8.28664298738e-38               
6722.66973087      4.0                     0.87660293238      2.50416104922e-18    9.65842202943      5.58758443362      172.400504146      30.8542101142    1.11826543806e-37               
6751.29678973      4.0                     0.87615750445      2.57988984873e-18    9.92751260558      5.81346283797      180.255066348      31.0064881074    1.51034442796e-37               
6780.25677542      4.0                     0.875706954313     2.58557652708e-18    10.0267363486      5.9001957597       183.341442216      31.0737896983    2.04156893405e-37               
6809.553555        4.0                     0.875251073643     2.54211923482e-18    10.0050532197      5.88650668912      182.947233699      31.0790836332    2.7618580565e-37                
6839.19107083      4.0                     0.874789949508     2.48461465141e-18    9.94597319273      5.84177800824      181.477199554      31.0654049672    3.73921341361e-37               
6869.17329187      4.0                     0.874323434257     2.43476609804e-18    9.90360884689      5.81105129729      180.493534395      31.0603925454    5.06632328005e-37               
6899.50423544      4.0                     0.873851558479     2.37412631963e-18    9.83043704673      5.7549310881       178.631490774      31.0397271556    6.86959859096e-37               
6930.18792502      4.0                     0.873404663143     2.26360379307e-18    9.61900113038      5.58558548815      172.873929329      30.9500104682    9.32153515587e-37               
6961.22855295      4.0                     0.872999560944     2.10908846028e-18    9.27308497775      5.309377266        163.503396196      30.7952115671    1.26576585511e-36               
6992.63021838      4.0                     0.872589764771     1.96837797719e-18    8.94696048631      5.05328962629      154.900975668      30.6534925016    1.71996931878e-36               
7024.3971408       4.0                     0.872175175937     1.87954087639e-18    8.75602666947      4.90733001439      150.054905419      30.5777082402    2.33873584275e-36               
7056.53354942      4.0                     0.871755794586     1.81897392425e-18    8.63349356205      4.81637808154      147.053668749      30.532002733     3.18219140195e-36               
7089.04381004      4.0                     0.871331512948     1.74999919548e-18    8.47595823146      4.69884529656      143.17066493       30.4693293552    4.33259269128e-36               
7121.93218195      4.0                     0.870902267428     1.6781928845e-18     8.30286286341      4.57028765912      138.935430548      30.3997124274    5.90251256568e-36               
7155.20318781      4.0                     0.870468077277     1.62247388219e-18    8.17600332271      4.47818595936      135.921640582      30.3519420175    8.04609794249e-36               
7188.86124947      4.0                     0.870028761378     1.55432957543e-18    8.00193323122      4.35086331473      131.758584971      30.2833197552    1.09744859449e-35               
7222.91080303      4.0                     0.869584406286     1.44315537279e-18    7.66925793214      4.10629637816      123.782292478      30.1445100594    1.49769871018e-35               
7257.35647243      4.0                     0.869134889585     1.31920185662e-18    7.27085177485      3.81864998932      114.485456975      29.9806102405    2.04501975165e-35               
7292.20283923      4.0                     0.86868011346      1.24767669516e-18    7.05011861272      3.66440381242      109.551859344      29.8962300422    2.79379330607e-35               
7327.45461604      4.0                     0.868233700438     1.26394974803e-18    7.16064578114      3.74861336552      112.283153144      29.9532499609    3.81861535193e-35               
7363.11656961      4.0                     0.867843736043     1.30898520465e-18    7.38278143222      3.91523911577      117.690443867      30.0595801142    5.22183948062e-35               
7399.19337312      4.0                     0.867449240355     1.31730288643e-18    7.47031980681      3.98477825883      119.982859473      30.1102976576    7.1439356809e-35                
7435.68992376      4.0                     0.867050158546     1.31126591858e-18    7.50574714777      4.01619931728      121.044954608      30.1391801166    9.77775158728e-35               
7472.61106886      4.0                     0.866646419343     1.32072598518e-18    7.60092476246      4.09222986208      123.562936332      30.194524867     1.33880854479e-34               
7509.96180632      4.0                     0.86623801019      1.36604650482e-18    7.83431354454      4.27296077988      129.525014507      30.3127084894    1.8338627038e-34                
7547.74708663      4.0                     0.86582487526      1.44660147504e-18    8.20020354578      4.55860345371      139.009935606      30.4939740905    2.51289554705e-34               
7585.97203962      4.0                     0.865406887353     1.55694489529e-18    8.67155179739      4.93408571093      151.626068026      30.7303271385    3.44454707609e-34               
7624.64175712      4.0                     0.864984034015     1.66836902576e-18    9.13920979991      5.31642074826      164.661341378      30.9722178088    4.72313401983e-34               
7663.76143257      4.0                     0.864556248122     1.73289051261e-18    9.43656816508      5.56690720025      173.326048883      31.1350706323    6.4782746592e-34                
7703.3363291       4.0                     0.864123546224     1.73728144211e-18    9.52451263331      5.64673934146      176.145027283      31.1941133868    8.88811892106e-34               
7743.37171024      4.0                     0.863709838463     1.72268874295e-18    9.5501565291       5.67530749387      177.201975866      31.2233259708    1.21975323948e-33               
7783.8729372       4.0                     0.863314770175     1.69012897904e-18    9.51344138132      5.65221726771      176.472711941      31.2218557042    1.6743105817e-33                
7824.84855365      4.0                     0.862915052845     1.56969931649e-18    9.14858861502      5.35893871973      166.428711612      31.0562819088    2.29880779276e-33               
7866.31869196      4.0                     0.862510553237     1.37570021134e-18    8.46918178559      4.81965781309      148.172665776      30.7433995362    3.15725870509e-33               
7908.30641954      4.0                     0.862101010047     1.23524741019e-18    7.95899715139      4.42813722174      135.156141575      30.5221213361    4.33814473267e-33               
7950.81815064      4.0                     0.861686328989     1.20352256439e-18    7.89445940247      4.38462010972      133.776282939      30.5103474397    5.96311466531e-33               
7993.86043508      4.0                     0.861266484729     1.23328100259e-18    8.09793289648      4.54767711942      139.262534947      30.6227841797    8.19986206427e-33               
8037.43995791      4.0                     0.860841443628     1.26407726368e-18    8.30689660332      4.71707181283      144.997722111      30.7389261526    1.12795897438e-32               
8081.56343901      4.0                     0.860411005462     1.23560091688e-18    8.25609874441      4.68338010123      143.930040897      30.7320861825    1.55210935444e-32               
8126.23766561      4.0                     0.85997526356      1.14654685709e-18    7.92515036083      4.43207876841      135.593745745      30.5937129798    2.13639894412e-32               
8171.46946032      4.0                     0.859534074051     1.07684033157e-18    7.66697127594      4.24027056274      129.292813937      30.4916424611    2.9414534552e-32                
8217.26581784      4.0                     0.859198983257     1.11606354018e-18    7.92154360357      4.44278879892      136.063433353      30.6256811907    4.05088550854e-32               
8263.63389612      4.0                     0.858803373949     1.24959976698e-18    8.61325554468      4.99425750915      154.676598268      30.9708896636    5.58001369333e-32               
8310.58075229      4.0                     0.858402862657     1.36830931731e-18    9.22053808441      5.49602939132      171.964369942      31.2888373948    7.68787288302e-32               
8358.11359414      4.0                     0.857997335763     1.40613279131e-18    9.46697732416      5.70843435992      179.423591847      31.4313138304    1.05937867542e-31               
8406.23984016      4.0                     0.857586744542     1.4041498063e-18     9.54243541802      5.77924299191      181.97623566       31.4879017744    1.46002113125e-31               
8454.96680377      4.0                     0.857171016497     1.38797951954e-18    9.55904750396      5.80067346335      182.811620524      31.5155855056    2.0124175949e-31                
8504.30211329      4.0                     0.85675013734      1.34736865206e-18    9.4639195161       5.72827346116      180.360417653      31.4859999048    2.77406664059e-31               
8554.25330595      4.0                     0.856323998432     1.27565604497e-18    9.21801250527      5.53069307042      173.551424343      31.3796882477    3.82422734451e-31               
8604.82809574      4.0                     0.85589251198      1.20004425518e-18    8.93960581973      5.3084312008       165.934669759      31.2587021442    5.27214028232e-31               
8656.03431333      4.0                     0.855472359021     1.16868103162e-18    8.86781386328      5.25716884551      164.244827374      31.242068155     7.26833769293e-31               
8707.87977678      4.0                     0.855062069202     1.19956855901e-18    9.10564713979      5.4603703973       171.349909346      31.3806384692    1.00201965842e-30               
8760.37253269      4.0                     0.854646668768     1.24056741331e-18    9.39485752171      5.70887318572      180.097586979      31.546958764     1.38133447106e-30               
8813.52069118      4.0                     0.854226084486     1.2566483966e-18     9.5617041549       5.85713233139      185.389400189      31.6519056937    1.90410660874e-30               
8867.33244068      4.0                     0.853800251389     1.2710823194e-18     9.72222792424      6.00108226144      190.559469781      31.7541839087    2.62447078293e-30               
8921.81605573      4.0                     0.853369068195     1.2700815763e-18     9.80729766857      6.08148820681      193.498140783      31.81756409      3.61691677783e-30               
8976.97990729      4.0                     0.85293253124      1.19996662154e-18    9.5387029553       5.8613779453       185.782250076      31.6960025117    4.98390531955e-30               
9032.83257414      4.0                     0.852490543814     1.01244604715e-18    8.60756629538      5.09832403143      159.293756353      31.2443374276    6.86631943517e-30               
9089.3826544       4.0                     0.852043007049     7.57330433191e-19    7.14111324712      3.96086627973      121.107127121      30.575919147     9.45778460601e-30               
9146.63886908      4.0                     0.851588899145     5.70551732955e-19    5.91508516378      3.08426201224      92.7556613837      30.0738591649    1.30242977551e-29               
9204.6100212       4.0                     0.851125975158     5.33688014042e-19    5.69528303201      2.93987036226      88.2083723671      30.0041707619    1.79310998613e-29               
9263.30503547      4.0                     0.850657315875     6.45718203255e-19    6.58383409264      3.57053033342      108.503915024      30.3887391763    2.46794533489e-29               
9322.73300256      4.0                     0.850182793083     8.36067114377e-19    7.94191481031      4.60462424186      142.83216889       31.0192887383    3.39569409575e-29               
9382.90312849      4.0                     0.849702362282     9.87236235377e-19    8.96428649581      5.43711353531      171.474708527      31.5378200976    4.67061903875e-29               
9443.82460895      4.0                     0.849215907859     1.05770312014e-18    9.47545141064      5.87222318881      186.852653318      31.81974651      6.42186803278e-29               
9505.50687743      4.0                     0.848723368539     1.06717617784e-18    9.62863702718      6.00975335991      191.837522433      31.921030855     8.82628297794e-29               
9567.9594533       4.0                     0.848224683689     1.0333352249e-18     9.523321502        5.92779868298      189.02064291       31.8871562647    1.21258532604e-28               
9631.19197388      4.0                     0.847719794434     9.70101382185e-19    9.22829328122      5.68645169588      180.577947377      31.755821914     1.66514955189e-28               
9695.21420694      4.0                     0.847217872851     9.02425555226e-19    8.8791314461       5.40516802285      170.796381374      31.5987182362    2.28554197251e-28               
9759.98036477      4.0                     0.846710681867     8.49705061282e-19    8.60099887399      5.18603641677      163.233086703      31.4754995115    3.1346686402e-28                
9825.36641553      4.0                     0.846198652036     8.13506421528e-19    8.4210044036       5.04860752567      158.529362938      31.4006113829    4.29315007206e-28               
9891.30151656      4.0                     0.845682331328     7.72470970472e-19    8.199497871        4.8786352884       152.735376124      31.3069879372    5.86924307218e-28               
9957.79023206      4.0                     0.845161689945     7.30621084834e-19    7.96136906398      4.6969295911       146.575241449      31.2066081907    8.00958768821e-28               
10024.836968       4.0                     0.844636662132     6.7883537421e-19     7.63483913647      4.44793871983      138.181409913      31.066392461     1.09108947937e-27               
10092.4468933      4.0                     0.844107214144     6.32588797575e-19    7.33684087613      4.22462259419      130.72364961       30.9432728475    1.48365976127e-27               
10160.6245775      4.0                     0.843573329199     5.99082715464e-19    7.13408474921      4.0765134545       125.837004972      30.8687819572    2.01387434009e-27               
10229.3742174      4.0                     0.843079805963     5.69139811676e-19    6.95276257193      3.94743996391      121.612394088      30.8079148005    2.72868972097e-27               
10298.7014204      4.0                     0.842570921694     5.38188883969e-19    6.75313493127      3.80563750702      116.985797648      30.7401315633    3.6906426493e-27                
10368.6107771      4.0                     0.842057767805     5.18251822756e-19    6.64299261163      3.73138112918      114.60072507       30.7126828117    4.98283162142e-27               
10439.1072769      4.0                     0.84154031103      5.05412730165e-19    6.59364753565      3.70234517733      113.706662935      30.7120642429    6.71549218446e-27               
10510.1955662      4.0                     0.841018498233     4.91301816063e-19    6.53025711784      3.66305277023      112.477870662      30.706047037     9.03456597234e-27               
10581.8805919      4.0                     0.840492333126     4.78907715853e-19    6.48047139423      3.6338786536       111.583524351      30.7064530732    1.21329238002e-26               
10654.1679937      4.0                     0.839961747634     4.67025393079e-19    6.43282502668      3.60637025166      110.744391805      30.707992823     1.62650155311e-26               
10727.0618166      4.0                     0.839426676475     4.46042438627e-19    6.29047670501      3.50994882701      107.647081358      30.669131279     2.17657479037e-26               
10800.5675732      4.0                     0.838912098383     4.27780063231e-19    6.16942643608      3.43041745394      105.111596402      30.6410510713    2.90753287836e-26               
10874.690872       4.0                     0.83839956402      4.11062937096e-19    6.06033055149      3.35993165844      102.880019982      30.6196763626    3.87712245405e-26               
10949.4367499      4.0                     0.837882785229     3.90346686286e-19    5.90197539336      3.25454373081      99.5195568573      30.5786509842    5.16094395114e-26               
11024.8097813      4.0                     0.837361638442     3.63723113346e-19    5.66761550846      3.09651992699      94.4661758818      30.507207481     6.85778140856e-26               
11100.8155114      4.0                     0.836836113126     3.32706234897e-19    5.3671764834       2.89509534621      88.0430783935      30.4111153053    9.09650830954e-26               
11177.4600148      4.0                     0.836306171981     3.08802274495e-19    5.13812477117      2.74554455477      83.3213006272      30.3478231604    1.20449468112e-25               
11254.7478463      4.0                     0.835771782099     3.04437857473e-19    5.14792380056      2.75840699503      83.8035866072      30.3811536       1.59211401334e-25               
11332.6845772      4.0                     0.835232914569     3.11879369937e-19    5.3087583854       2.87418522925      87.5886577584      30.4742564491    2.10079748043e-25               
11411.2757633      4.0                     0.834706586839     3.21097169195e-19    5.4935389098       3.00879343611      92.0052274681      30.5787783116    2.76717430936e-25               
11490.5269831      4.0                     0.834179353071     3.30586909183e-19    5.68272984929      3.1486885063       96.6207363636      30.6860256802    3.63858653057e-25               
11570.4432612      4.0                     0.833647682191     3.43749096395e-19    5.91883353408      3.32427736082      102.431805015      30.8132547008    4.77610057605e-25               
11651.0154604      4.0                     0.833111662029     3.55239121175e-19    6.12820045795      3.48355177157      107.732023987      30.9259144263    6.25804995815e-25               
11732.1058368      4.0                     0.832572187458     3.56076309536e-19    6.19817536189      3.54285042433      109.742233251      30.9756890942    8.18139997358e-25               
11813.5999837      4.0                     0.832030008424     3.41440361525e-19    6.06812593557      3.45617384348      106.932936678      30.9396869257    1.06679798854e-24               
11895.4999835      4.0                     0.831485158301     3.2175944554e-19     5.86356943858      3.31638738057      102.384361081      30.8722562631    1.38744682942e-24               
11977.8083246      4.0                     0.830937581701     3.07577698478e-19    5.72467816908      3.22488322638      99.4332897452      30.8331442614    1.79988212514e-24               
12060.5264783      4.0                     0.830393389272     2.95965891367e-19    5.61559201907      3.15530664752      97.2054453729      30.8069725804    2.32904385416e-24               
12143.6565474      4.0                     0.829844948339     2.78248885586e-19    5.41361091221      3.02072128664      92.8684795795      30.7438094306    3.00628501576e-24               
12227.2004567      4.0                     0.829293750559     2.51587683992e-19    5.06690105862      2.78796296689      85.384685957       30.626190868     3.87091887624e-24               
12311.1608793      4.0                     0.82873984947      2.28955439477e-19    4.76281647574      2.58884993153      79.0365155124      30.5295855699    4.97213291337e-24               
12395.5396197      4.0                     0.828183159761     2.2733323903e-19     4.78659566156      2.61177348906      79.8205337199      30.5618132867    6.3713005318e-24                
12480.3383579      4.0                     0.827623685297     2.52806407935e-19    5.24658633824      2.93404030011      90.2717564339      30.7670472115    8.14482538944e-24               
12565.5595575      4.0                     0.827061474829     2.90826668238e-19    5.89020953003      3.39999519261      105.574492235      31.0513651502    1.03876237746e-23               
12651.2058059      4.0                     0.826496419388     3.33132907514e-19    6.57781733676      3.91887217403      122.917581115      31.3655499993    1.32173302504e-23               
12737.2784122      4.0                     0.825883333219     3.64049429625e-19    7.08634082686      4.31867105791      136.520503512      31.6116929679    1.67793435696e-23               
12823.7796744      4.0                     0.825265677315     3.74313933099e-19    7.30093996427      4.49630550456      142.647578543      31.7255085088    2.12530625749e-23               
12910.7118948      4.0                     0.82464496258      3.71427725063e-19    7.33030274739      4.52907682309      143.807777861      31.7521171483    2.68593097558e-23               
12998.0772443      4.0                     0.824021135487     3.6146968843e-19     7.25666705351      4.48053655813      142.167214901      31.7299531108    3.38692866149e-23               
13085.8775782      4.0                     0.823394213446     3.47505989668e-19    7.12005555595      4.38262451481      138.835965825      31.6787270632    4.26153140789e-23               
13174.1150809      4.0                     0.822764142515     3.23716049028e-19    6.82782827081      4.16445119506      131.41712712       31.5568897232    5.35037917354e-23               
13262.7927823      4.0                     0.822130961247     2.95371437542e-19    6.44818656736      3.88274316802      121.916478327      31.3995732016    6.70307666332e-23               
13351.9119197      4.0                     0.821494614399     2.76489556609e-19    6.20392109849      3.7072701117       116.062096194      31.3066198839    8.37999863902e-23               
13441.4748857      4.0                     0.820731709487     2.69466391013e-19    6.14940984185      3.67480798264      115.016708208      31.298698803     1.04545260526e-22               
13531.484515       4.0                     0.819955930569     2.58874629852e-19    6.01984505702      3.5867632932       112.087016868      31.2501851127    1.30156596537e-22               
13621.751798       4.0                     0.819177934528     2.50373326669e-19    5.91215201621      3.51554008747      109.698314075      31.2038296664    1.616372829e-22                 
13712.0876862      4.0                     0.818399357749     2.46989507169e-19    5.89089124885      3.50831406241      109.436282788      31.1934110917    2.00149055537e-22               
13802.4496601      4.0                     0.817620541668     2.46333448265e-19    5.91824933633      3.53698888984      110.369656286      31.2044113577    2.47105981511e-22               
13892.8381941      4.0                     0.816841514818     2.40886295416e-19    5.85556260082      3.49897797654      109.079723885      31.1747386284    3.04197881767e-22               
13983.2528448      4.0                     0.816062245613     2.23402098231e-19    5.56206452925      3.29184773183      102.193392222      31.0443861768    3.73418876751e-22               
14073.6934859      4.0                     0.815282779846     2.14173901421e-19    5.41680961916      3.19445049492      98.9586102151      30.9782888708    4.57116774116e-22               
14164.1605222      4.0                     0.814254201901     2.06693864725e-19    5.30082755474      3.11831826375      96.4348199959      30.9252654282    5.58049108744e-22               
14254.6546068      4.0                     0.813251661705     1.9941209702e-19     5.19162668536      3.04726459294      94.1022838235      30.8809034967    6.79446465718e-22               
14345.1742299      4.0                     0.812248789079     1.93490746784e-19    5.11023044721      2.99620144682      92.4381475703      30.8517798989    8.2508032135e-22                
14435.7202065      4.0                     0.811245686229     1.89801474527e-19    5.07249738832      2.9762657503       91.7908766059      30.8409545071    9.99350014899e-22               
14526.2930261      4.0                     0.810242241275     1.86330636556e-19    5.03633807023      2.95744732026      91.176150251       30.8293404337    1.20737119917e-21               
14616.8923403      4.0                     0.809238502135     1.81561393314e-19    4.96567042866      2.91421548642      89.7542007082      30.798752229     1.45507674374e-21               
14707.5181679      4.0                     0.808234480136     1.7678388154e-19     4.8902340623       2.86770559725      88.2236780875      30.7645520419    1.74933438306e-21               
14798.1705273      4.0                     0.807230182632     1.72080789509e-19    4.81429140394      2.82090907909      86.6879365821      30.7304965001    2.09807530932e-21               
14888.8487825      4.0                     0.80616531359      1.67475798802e-19    4.73794266119      2.77380699244      85.1463401994      30.6965626778    2.5104354369e-21                
14979.553911       4.0                     0.80489830004      1.62755682286e-19    4.65585926939      2.72248711114      83.4703004805      30.6595759954    2.99692692407e-21               
15070.2859736      4.0                     0.803630918453     1.57523149247e-19    4.55949833403      2.66135871894      81.4831531708      30.6171252266    3.56960766742e-21               
15161.0439751      4.0                     0.802363166882     1.51502484901e-19    4.44203955642      2.58584395161      79.0413406217      30.5669414322    4.242275616e-21                 
15251.8289199      4.0                     0.801095036908     1.44859406367e-19    4.30719890305      2.49874903293      76.2413777686      30.5118188197    5.03071150143e-21               
15342.64084        4.0                     0.79982655656      1.38039263149e-19    4.1647798091       2.40702098724      73.3072041522      30.4555733169    5.95290472921e-21               
15433.4794124      4.0                     0.798557661957     1.3136540147e-19     4.0183164916       2.31323768152      70.3113915597      30.3952300801    7.02932492412e-21               
15524.2392486      4.0                     0.797289895226     1.25162202057e-19    3.87649960899      2.22326941371      67.4413932383      30.3343323227    8.28165973712e-21               
15614.822903       4.0                     0.796024582057     1.2010922717e-19     3.75714996494      2.14887067234      65.0669558099      30.279605305     9.73383609303e-21               
15705.2090115      4.0                     0.794681300967     1.17041766545e-19    3.68546303323      2.10625072242      63.6990561504      30.2428649506    1.14134903046e-20               
15795.3979416      4.0                     0.793195458032     1.16301916922e-19    3.67352448444      2.10298787024      63.5718358839      30.2292927048    1.33518729923e-20               
15885.3904213      4.0                     0.79171285166      1.17375592582e-19    3.70909922351      2.13126119166      64.4396544499      30.2354562182    1.55839068164e-20               
15975.1868105      4.0                     0.790233501832     1.19283612094e-19    3.76803703571      2.17524057135      65.8109740235      30.2545727081    1.81485210062e-20               
16064.787841       4.0                     0.788757357538     1.21254689913e-19    3.82911418013      2.22089626477      67.2423862791      30.2771396152    2.10890452876e-20               
16154.1931694      4.0                     0.787284428637     1.23046608513e-19    3.88529825739      2.26349458893      68.5830704889      30.2996396918    2.44535613935e-20               
16243.4039183      4.0                     0.785814695206     1.24980952936e-19    3.94378174762      2.30787788997      69.9850140966      30.3244007843    2.82954183598e-20               
16332.420041       4.0                     0.78434818896      1.27362447884e-19    4.01044652285      2.3581179683       71.5730486705      30.3517676523    3.26735914336e-20               
16421.2419707      4.0                     0.782884873886     1.29536734874e-19    4.07015043968      2.40385440955      73.024022472       30.3778890194    3.76532269762e-20               
16509.8707532      4.0                     0.781424735056     1.30408705318e-19    4.09579465484      2.42626287763      73.7434508046      30.3938421036    4.33061802071e-20               
16598.3067234      4.0                     0.779746689052     1.29801940787e-19    4.08300468418      2.42160441118      73.611602161       30.3978642511    4.97114845247e-20               
16686.549915       4.0                     0.778130706312     1.28281211055e-19    4.04667979022      2.4007559886       72.9750268586      30.3966863793    5.69559318766e-20               
16774.6010756      4.0                     0.77651826564      1.26219665086e-19    3.9956668906       2.3697247485       72.026005025       30.3942494041    6.51347615726e-20               
16862.4605303      4.0                     0.774909338397     1.23718659831e-19    3.93220004362      2.33011531365      70.8156735291      30.3914888307    7.43522131426e-20               
16950.1290308      4.0                     0.7733039048       1.20963871557e-19    3.86030402944      2.28476703587      69.4333119658      30.3896681262    8.47222796556e-20               
17037.606173       4.0                     0.771701980988     1.18300436708e-19    3.78893488625      2.23983369698      68.0758670824      30.3932685602    9.63692223821e-20               
17124.8931527      4.0                     0.770103520037     1.16032921969e-19    3.72685553299      2.20125331521      66.932559573       30.4065684356    1.0942865309e-19                
17211.9905647      4.0                     0.768508544933     1.14205378849e-19    3.67558707431      2.16999594217      66.0346155504      30.4307553148    1.24048056667e-19               
17298.898438       4.0                     0.766917038748     1.12565964655e-19    3.6277252525       2.14100777546      65.2220974586      30.463269777     1.40387559368e-19               
17385.5962813      4.0                     0.765327747433     1.10770074596e-19    3.57249543519      2.10702925736      64.2612470069      30.4985072145    1.5861627987e-19                
17472.0168526      4.0                     0.763656638024     1.08654491297e-19    3.50699941756      2.06587281864      63.0865772123      30.5374932296    1.78904064261e-19               
17558.1396451      4.0                     0.761991281391     1.06318867893e-19    3.43440723119      2.01999751035      61.7789586943      30.5836806124    2.01441077802e-19               
17643.9652366      4.0                     0.760331681336     1.0396754348e-19     3.36001240679      1.97299381604      60.4512116636      30.6393315439    2.2643622114e-19                
17729.4944088      4.0                     0.758677810038     1.01729608592e-19    3.28742698888      1.92727092545      59.1808781288      30.7070881148    2.54113762487e-19               
17814.7289547      4.0                     0.757029625033     9.96346353602e-20    3.21764466125      1.88347411512      57.9886510661      30.7881327387    2.84714449175e-19               
17899.6694351      4.0                     0.755387138458     9.76947322301e-20    3.15110103171      1.84187154991      56.8835170722      30.8835418382    3.18495563293e-19               
17984.3173866      4.0                     0.75375029849      9.59704515558e-20    3.08694689625      1.8019170277       55.8410378022      30.9897941713    3.5573251119e-19                
18068.6733587      4.0                     0.752119106627     9.45770046768e-20    3.02879532089      1.76594335028      54.9382032689      31.1098333138    3.96718865727e-19               
18152.7381412      4.0                     0.750493574243     9.36344679282e-20    2.98180301181      1.73724301025      54.2872997419      31.2491110463    4.41767659846e-19               
18236.5127776      4.0                     0.748873622955     9.31888377541e-20    2.94758208605      1.71679316659      53.9250653559      31.4103448251    4.91212294075e-19               
18319.9990699      4.0                     0.747259231835     9.31758199009e-20    2.92357622268      1.70289668369      53.7981705545      31.5921518139    5.4540780763e-19                
18403.1975463      4.0                     0.74564012473      9.34707534028e-20    2.90616404823      1.69314961247      53.8319268505      31.793957518     6.04730482901e-19               
18486.1090026      4.0                     0.744029364828     9.39545532094e-20    2.89243072049      1.68566401007      53.9694919235      32.0167551784    6.69579568857e-19               
18568.7352455      4.0                     0.742424157626     9.4507464867e-20     2.87907608646      1.67829599488      54.1436100709      32.2610613599    7.40378907487e-19               
18651.0767875      4.0                     0.74082448464      9.49600790952e-20    2.86310477037      1.66909714232      54.296549973       32.5304912436    8.17575973119e-19               
18733.1336589      4.0                     0.739230341721     9.50894737327e-20    2.8395741716       1.6548847453       54.3260352603      32.8276850787    9.01643099421e-19               
18814.9082072      4.0                     0.737641677003     9.46831973976e-20    2.80117586621      1.63103980335      54.0629070099      33.1462830637    9.93081373253e-19               
18896.4011637      4.0                     0.736058491074     9.36195766903e-20    2.74440164799      1.59542705762      53.4235961853      33.4854520176    1.09241766429e-18               
18977.6141107      4.0                     0.734480729516     9.19120543398e-20    2.66921128177      1.54819489126      52.3978276567      33.8444649007    1.20020812377e-18               
19058.5467567      4.0                     0.732908426901     8.96931795805e-20    2.57805034579      1.49111394785      51.0250135123      34.2193925461    1.31703546555e-18               
19139.2004638      4.0                     0.731341553619     8.71522940923e-20    2.47779441513      1.42866703914      49.4592482148      34.6191567803    1.44351445321e-18               
19219.5764929      4.0                     0.729748758067     8.44811296433e-20    2.37480855863      1.36486290418      47.8404403032      35.0514620602    1.58029069659e-18               
19299.7041397      4.0                     0.728224910029     8.18562534237e-20    2.27394077149      1.30290790883      46.2809401067      35.5212673076    1.7280954814e-18                
19379.6246629      4.0                     0.726704993195     7.94261796832e-20    2.18092810719      1.24616394328      44.9152733881      36.0428285783    1.88773540956e-18               
19459.3488704      4.0                     0.725188809314     7.72706708679e-20    2.09543791163      1.19436769372      43.7231797584      36.6078051074    2.06001111663e-18               
19538.8772152      4.0                     0.723676338233     7.5370106837e-20     2.01624426183      1.14670315365      42.6726529313      37.2133387751    2.24574416662e-18               
19618.2097155      4.0                     0.722167617597     7.36459082673e-20    1.94140824018      1.10193723716      41.7191610409      37.8598341484    2.44579547647e-18               
19697.3463891      4.0                     0.720662616511     7.20473574859e-20    1.84132706717      1.04264632965      39.950052082       38.3160146888    2.6610673178e-18                
19776.2888476      4.0                     0.719161297586     7.05891538193e-20    1.72799207434      0.976046270924     37.6949166746      38.6200099294    2.89250932634e-18               
19855.0367274      4.0                     0.717663671325     6.93007545762e-20    1.61940503473      0.912687213607     35.4952875945      38.8909662208    3.14110982181e-18               
19933.5906393      4.0                     0.716169753146     6.81582371153e-20    1.5177350074       0.853737698215     33.4280736993      39.1549696929    3.40790513015e-18               

